x, y, x_cm, y_cm, lat, lon, analysis, number_of_obs
0, 0, 25.0, -15.5, 49.2763, -131.7989, 5556.72236, 12, 
0, 1, 25.0, -14.23, 50.1031, -129.6485, 5505.673604, 12, 
0, 2, 25.0, -12.96, 50.88, -127.4022, 5466.682162, 14, 
0, 3, 25.0, -11.69, 51.6024, -125.0608, 5429.117818, 15, 
0, 4, 25.0, -10.42, 52.2659, -122.6264, 5393.131857, 17, 
0, 5, 25.0, -9.15, 52.8661, -120.1026, 5372.347139, 18, 
0, 6, 25.0, -7.88, 53.3987, -117.4949, 5344.99284, 18, 
0, 7, 25.0, -6.61, 53.8599, -114.8101, 5348.122904, 20, 
0, 8, 25.0, -5.34, 54.246, -112.0572, 5330.693742, 21, 
0, 9, 25.0, -4.07, 54.5538, -109.2466, 5334.483981, 21, 
0, 10, 25.0, -2.8, 54.7807, -106.3905, 5338.343454, 17, 
0, 11, 25.0, -1.53, 54.9246, -103.5021, 5342.479545, 18, 
0, 12, 25.0, -0.26, 54.9843, -100.5959, 5355.248087, 19, 
0, 13, 25.0, 1.01, 54.9593, -97.6865, 5371.610974, 17, 
0, 14, 25.0, 2.28, 54.8497, -94.789, 5373.029327, 19, 
0, 15, 25.0, 3.55, 54.6566, -91.918, 5374.700338, 17, 
0, 16, 25.0, 4.82, 54.3817, -89.0873, 5369.642152, 17, 
0, 17, 25.0, 6.09, 54.0273, -86.3094, 5365.52577, 19, 
0, 18, 25.0, 7.36, 53.5964, -83.5956, 5368.500724, 20, 
0, 19, 25.0, 8.63, 53.0926, -80.9553, 5377.583201, 21, 
0, 20, 25.0, 9.9, 52.5195, -78.3964, 5398.27258, 25, 
0, 21, 25.0, 11.17, 51.8814, -75.9249, 5404.679211, 25, 
0, 22, 25.0, 12.44, 51.1826, -73.5451, 5411.202451, 24, 
0, 23, 25.0, 13.71, 50.4275, -71.2596, 5433.659673, 23, 
0, 24, 25.0, 14.98, 49.6206, -69.07, 5444.424657, 22, 
0, 25, 25.0, 16.25, 48.7662, -66.9761, 5447.241196, 18, 
0, 26, 25.0, 17.52, 47.8687, -64.9772, 5448.725, 17, 
1, 0, 26.27, -15.5, 47.9015, -130.5417, 5566.259364, 14, 
1, 1, 26.27, -14.23, 48.6911, -128.4436, 5519.040838, 15, 
1, 2, 26.27, -12.96, 49.4317, -126.2589, 5468.245854, 16, 
1, 3, 26.27, -11.69, 50.1192, -123.9888, 5437.844357, 17, 
1, 4, 26.27, -10.42, 50.7497, -121.6358, 5406.800356, 19, 
1, 5, 26.27, -9.15, 51.3192, -119.2035, 5382.131185, 19, 
1, 6, 26.27, -7.88, 51.824, -116.6972, 5365.079919, 21, 
1, 7, 26.27, -6.61, 52.2604, -114.1235, 5365.213074, 22, 
1, 8, 26.27, -5.34, 52.6253, -111.4902, 5366.337474, 22, 
1, 9, 26.27, -4.07, 52.916, -108.8068, 5351.989996, 22, 
1, 10, 26.27, -2.8, 53.1301, -106.0839, 5357.998129, 20, 
1, 11, 26.27, -1.53, 53.2658, -103.3332, 5372.873951, 19, 
1, 12, 26.27, -0.26, 53.3221, -100.5671, 5395.432381, 20, 
1, 13, 26.27, 1.01, 53.2985, -97.7982, 5408.549967, 20, 
1, 14, 26.27, 2.28, 53.1952, -95.0397, 5409.192693, 21, 
1, 15, 26.27, 3.55, 53.013, -92.3039, 5415.429688, 23, 
1, 16, 26.27, 4.82, 52.7535, -89.6031, 5418.666469, 23, 
1, 17, 26.27, 6.09, 52.4186, -86.9481, 5416.457358, 21, 
1, 18, 26.27, 7.36, 52.0111, -84.3489, 5436.357043, 26, 
1, 19, 26.27, 8.63, 51.5339, -81.814, 5446.094302, 27, 
1, 20, 26.27, 9.9, 50.9905, -79.3508, 5455.409272, 27, 
1, 21, 26.27, 11.17, 50.3845, -76.9648, 5461.722633, 27, 
1, 22, 26.27, 12.44, 49.7198, -74.6604, 5475.064228, 27, 
1, 23, 26.27, 13.71, 49.0005, -72.4405, 5483.963792, 25, 
1, 24, 26.27, 14.98, 48.2304, -70.3068, 5492.338203, 23, 
1, 25, 26.27, 16.25, 47.4138, -68.26, 5497.227494, 23, 
1, 26, 26.27, 17.52, 46.5546, -66.2999, 5498.268821, 21, 
2, 0, 27.54, -15.5, 46.5222, -129.3716, 5572.622701, 11, 
2, 1, 27.54, -14.23, 47.2766, -127.3255, 5540.53653, 14, 
2, 2, 27.54, -12.96, 47.9831, -125.2011, 5478.422644, 16, 
2, 3, 27.54, -11.69, 48.6381, -122.9999, 5441.619241, 18, 
2, 4, 27.54, -10.42, 49.2379, -120.7246, 5405.794294, 18, 
2, 5, 27.54, -9.15, 49.7789, -118.3788, 5395.286191, 21, 
2, 6, 27.54, -7.88, 50.2578, -115.9674, 5379.800611, 21, 
2, 7, 27.54, -6.61, 50.6714, -113.4965, 5372.73704, 23, 
2, 8, 27.54, -5.34, 51.017, -110.9735, 5386.740259, 28, 
2, 9, 27.54, -4.07, 51.2919, -108.4066, 5392.32506, 28, 
2, 10, 27.54, -2.8, 51.4943, -105.8053, 5399.564299, 26, 
2, 11, 27.54, -1.53, 51.6226, -103.1798, 5413.705504, 26, 
2, 12, 27.54, -0.26, 51.6758, -100.5409, 5431.957966, 24, 
2, 13, 27.54, 1.01, 51.6535, -97.8997, 5438.919284, 24, 
2, 14, 27.54, 2.28, 51.5558, -95.2674, 5448.321563, 25, 
2, 15, 27.54, 3.55, 51.3837, -92.6549, 5451.824238, 24, 
2, 16, 27.54, 4.82, 51.1382, -90.0727, 5471.844712, 23, 
2, 17, 27.54, 6.09, 50.8213, -87.5307, 5482.488506, 26, 
2, 18, 27.54, 7.36, 50.4352, -85.0375, 5481.901451, 28, 
2, 19, 27.54, 8.63, 49.9827, -82.601, 5494.164459, 30, 
2, 20, 27.54, 9.9, 49.4667, -80.2276, 5504.932938, 29, 
2, 21, 27.54, 11.17, 48.8906, -77.9229, 5513.921245, 30, 
2, 22, 27.54, 12.44, 48.2578, -75.691, 5521.088782, 29, 
2, 23, 27.54, 13.71, 47.5719, -73.5349, 5528.274578, 27, 
2, 24, 27.54, 14.98, 46.8367, -71.4566, 5537.767685, 26, 
2, 25, 27.54, 16.25, 46.0558, -69.4572, 5538.975587, 23, 
2, 26, 27.54, 17.52, 45.2329, -67.5369, 5541.346429, 22, 
3, 0, 28.81, -15.5, 45.1409, -128.2806, 5612.835281, 13, 
3, 1, 28.81, -14.23, 45.862, -126.286, 5542.196874, 14, 
3, 2, 28.81, -12.96, 46.5365, -124.2203, 5486.375187, 17, 
3, 3, 28.81, -11.69, 47.161, -122.0854, 5441.581617, 17, 
3, 4, 28.81, -10.42, 47.7321, -119.884, 5414.951774, 20, 
3, 5, 28.81, -9.15, 48.2466, -117.6197, 5398.99537, 23, 
3, 6, 28.81, -7.88, 48.7016, -115.2972, 5389.308844, 27, 
3, 7, 28.81, -6.61, 49.0941, -112.922, 5391.019739, 27, 
3, 8, 28.81, -5.34, 49.4217, -110.5007, 5397.487229, 28, 
3, 9, 28.81, -4.07, 49.6823, -108.041, 5411.918756, 29, 
3, 10, 28.81, -2.8, 49.8739, -105.5511, 5420.945738, 26, 
3, 11, 28.81, -1.53, 49.9953, -103.0399, 5436.527115, 29, 
3, 12, 28.81, -0.26, 50.0457, -100.5171, 5451.004973, 29, 
3, 13, 28.81, 1.01, 50.0246, -97.9922, 5474.294239, 29, 
3, 14, 28.81, 2.28, 49.9322, -95.4751, 5487.174991, 27, 
3, 15, 28.81, 3.55, 49.7691, -92.9754, 5499.663006, 28, 
3, 16, 28.81, 4.82, 49.5366, -90.5022, 5509.425365, 29, 
3, 17, 28.81, 6.09, 49.2362, -88.0642, 5520.991412, 29, 
3, 18, 28.81, 7.36, 48.87, -85.6693, 5529.751752, 31, 
3, 19, 28.81, 8.63, 48.4403, -83.3245, 5542.165723, 32, 
3, 20, 28.81, 9.9, 47.9498, -81.0357, 5549.86343, 32, 
3, 21, 28.81, 11.17, 47.4014, -78.8081, 5556.772321, 30, 
3, 22, 28.81, 12.44, 46.7984, -76.6456, 5561.90573, 33, 
3, 23, 28.81, 13.71, 46.144, -74.5513, 5570.33276, 31, 
3, 24, 28.81, 14.98, 45.4416, -72.5274, 5578.437814, 26, 
3, 25, 28.81, 16.25, 44.6945, -70.5753, 5580.536603, 25, 
3, 26, 28.81, 17.52, 43.9062, -68.6953, 5582.322242, 24, 
4, 0, 30.08, -15.5, 43.7596, -127.2617, 5617.558099, 13, 
4, 1, 30.08, -14.23, 44.4494, -125.3175, 5545.886175, 15, 
4, 2, 30.08, -12.96, 45.0937, -123.3088, 5489.47872, 17, 
4, 3, 30.08, -11.69, 45.6895, -121.2376, 5446.942403, 18, 
4, 4, 30.08, -10.42, 46.2338, -119.1066, 5422.126652, 21, 
4, 5, 30.08, -9.15, 46.7237, -116.9192, 5412.080049, 26, 
4, 6, 30.08, -7.88, 47.1564, -114.6798, 5396.845004, 28, 
4, 7, 30.08, -6.61, 47.5294, -112.3936, 5394.754495, 27, 
4, 8, 30.08, -5.34, 47.8405, -110.0666, 5412.075987, 28, 
4, 9, 30.08, -4.07, 48.0877, -107.7057, 5418.800462, 29, 
4, 10, 30.08, -2.8, 48.2694, -105.3181, 5445.618664, 29, 
4, 11, 30.08, -1.53, 48.3845, -102.9118, 5459.694849, 30, 
4, 12, 30.08, -0.26, 48.4323, -100.4952, 5475.484312, 30, 
4, 13, 30.08, 1.01, 48.4123, -98.0769, 5493.638369, 31, 
4, 14, 30.08, 2.28, 48.3247, -95.6654, 5513.565421, 29, 
4, 15, 30.08, 3.55, 48.1701, -93.2692, 5532.236591, 32, 
4, 16, 30.08, 4.82, 47.9495, -90.8964, 5545.414277, 33, 
4, 17, 30.08, 6.09, 47.6644, -88.5546, 5553.01902, 33, 
4, 18, 30.08, 7.36, 47.3164, -86.251, 5565.461595, 37, 
4, 19, 30.08, 8.63, 46.9079, -83.9917, 5576.767454, 36, 
4, 20, 30.08, 9.9, 46.4411, -81.7825, 5588.834128, 32, 
4, 21, 30.08, 11.17, 45.9188, -79.6279, 5596.456641, 31, 
4, 22, 30.08, 12.44, 45.3437, -77.5318, 5603.05556, 30, 
4, 23, 30.08, 13.71, 44.7189, -75.4972, 5608.138254, 29, 
4, 24, 30.08, 14.98, 44.0473, -73.5265, 5616.97193, 27, 
4, 25, 30.08, 16.25, 43.3323, -71.6209, 5619.665885, 26, 
4, 26, 30.08, 17.52, 42.5767, -69.7815, 5617.940616, 26, 
5, 0, 31.35, -15.5, 42.3803, -126.3086, 5630.08032, 14, 
5, 1, 31.35, -14.23, 43.0404, -124.4137, 5554.037741, 16, 
5, 2, 31.35, -12.96, 43.6563, -122.4601, 5490.333514, 20, 
5, 3, 31.35, -11.69, 44.2252, -120.4498, 5443.634252, 20, 
5, 4, 31.35, -10.42, 44.7444, -118.3856, 5422.999907, 24, 
5, 5, 31.35, -9.15, 45.2112, -116.2707, 5406.701302, 25, 
5, 6, 31.35, -7.88, 45.6232, -114.1093, 5402.51897, 27, 
5, 7, 31.35, -6.61, 45.9781, -111.9062, 5399.399096, 28, 
5, 8, 31.35, -5.34, 46.2738, -109.6667, 5413.233379, 31, 
5, 9, 31.35, -4.07, 46.5087, -107.397, 5422.452403, 33, 
5, 10, 31.35, -2.8, 46.6813, -105.1038, 5453.490074, 30, 
5, 11, 31.35, -1.53, 46.7906, -102.794, 5479.655027, 30, 
5, 12, 31.35, -0.26, 46.8359, -100.4752, 5494.283352, 34, 
5, 13, 31.35, 1.01, 46.8169, -98.1547, 5515.740465, 35, 
5, 14, 31.35, 2.28, 46.7338, -95.8404, 5536.724781, 33, 
5, 15, 31.35, 3.55, 46.587, -93.5395, 5554.338826, 39, 
5, 16, 31.35, 4.82, 46.3774, -91.2593, 5572.925739, 36, 
5, 17, 31.35, 6.09, 46.1064, -89.0067, 5589.344623, 36, 
5, 18, 31.35, 7.36, 45.7755, -86.788, 5597.593253, 38, 
5, 19, 31.35, 8.63, 45.3867, -84.6089, 5610.466506, 34, 
5, 20, 31.35, 9.9, 44.942, -82.4744, 5622.257971, 38, 
5, 21, 31.35, 11.17, 44.444, -80.389, 5631.569457, 35, 
5, 22, 31.35, 12.44, 43.8951, -78.3563, 5636.40957, 34, 
5, 23, 31.35, 13.71, 43.2981, -76.3793, 5643.293874, 30, 
5, 24, 31.35, 14.98, 42.6557, -74.4601, 5650.505502, 29, 
5, 25, 31.35, 16.25, 41.971, -72.6004, 5652.684076, 27, 
5, 26, 31.35, 17.52, 41.2466, -70.8013, 5649.121089, 25, 
6, 0, 32.62, -15.5, 41.0047, -125.4156, 5622.749469, 13, 
6, 1, 32.62, -14.23, 41.6367, -123.5685, 5557.414147, 18, 
6, 2, 32.62, -12.96, 42.2258, -121.668, 5500.356976, 20, 
6, 3, 32.62, -11.69, 42.7694, -119.7161, 5459.232825, 23, 
6, 4, 32.62, -10.42, 43.2651, -117.7153, 5428.652847, 25, 
6, 5, 32.62, -9.15, 43.7103, -115.669, 5408.312106, 28, 
6, 6, 32.62, -7.88, 44.103, -113.5807, 5398.343695, 28, 
6, 7, 32.62, -6.61, 44.4409, -111.4551, 5415.872983, 31, 
6, 8, 32.62, -5.34, 44.7224, -109.297, 5421.704849, 34, 
6, 9, 32.62, -4.07, 44.9459, -107.112, 5433.683022, 32, 
6, 10, 32.62, -2.8, 45.11, -104.9061, 5457.080886, 35, 
6, 11, 32.62, -1.53, 45.2139, -102.6854, 5489.135098, 34, 
6, 12, 32.62, -0.26, 45.2569, -100.4567, 5508.495244, 34, 
6, 13, 32.62, 1.01, 45.2389, -98.2265, 5532.715374, 34, 
6, 14, 32.62, 2.28, 45.1599, -96.0018, 5559.499025, 36, 
6, 15, 32.62, 3.55, 45.0203, -93.789, 5584.014003, 38, 
6, 16, 32.62, 4.82, 44.821, -91.5947, 5600.369229, 40, 
6, 17, 32.62, 6.09, 44.5631, -89.4249, 5620.849798, 39, 
6, 18, 32.62, 7.36, 44.2481, -87.2853, 5632.228193, 40, 
6, 19, 32.62, 8.63, 43.8776, -85.1812, 5643.827143, 40, 
6, 20, 32.62, 9.9, 43.4536, -83.1172, 5653.529935, 39, 
6, 21, 32.62, 11.17, 42.9783, -81.0974, 5665.742045, 37, 
6, 22, 32.62, 12.44, 42.454, -79.1251, 5669.470387, 34, 
6, 23, 32.62, 13.71, 41.8832, -77.2033, 5680.393095, 31, 
6, 24, 32.62, 14.98, 41.2684, -75.3341, 5681.567957, 31, 
6, 25, 32.62, 16.25, 40.6124, -73.5193, 5682.694917, 28, 
6, 26, 32.62, 17.52, 39.9176, -71.76, 5681.469352, 23, 
7, 0, 33.89, -15.5, 39.6341, -124.5776, 5636.2799, 14, 
7, 1, 33.89, -14.23, 40.2396, -122.7769, 5563.049098, 17, 
7, 2, 33.89, -12.96, 40.8034, -120.9275, 5504.222149, 17, 
7, 3, 33.89, -11.69, 41.3233, -119.0313, 5460.474826, 24, 
7, 4, 33.89, -10.42, 41.7968, -117.0908, 5434.744082, 27, 
7, 5, 33.89, -9.15, 42.2219, -115.1091, 5412.184069, 29, 
7, 6, 33.89, -7.88, 42.5964, -113.0897, 5408.614483, 31, 
7, 7, 33.89, -6.61, 42.9186, -111.0366, 5405.313647, 33, 
7, 8, 33.89, -5.34, 43.1868, -108.9544, 5418.60595, 37, 
7, 9, 33.89, -4.07, 43.3996, -106.8481, 5434.994201, 34, 
7, 10, 33.89, -2.8, 43.5558, -104.7231, 5465.540456, 36, 
7, 11, 33.89, -1.53, 43.6547, -102.5849, 5490.798759, 35, 
7, 12, 33.89, -0.26, 43.6957, -100.4396, 5517.298415, 37, 
7, 13, 33.89, 1.01, 43.6785, -98.293, 5545.163695, 39, 
7, 14, 33.89, 2.28, 43.6033, -96.1511, 5565.117927, 40, 
7, 15, 33.89, 3.55, 43.4704, -94.02, 5594.689773, 43, 
7, 16, 33.89, 4.82, 43.2807, -91.9054, 5623.553514, 48, 
7, 17, 33.89, 6.09, 43.035, -89.8127, 5643.380524, 44, 
7, 18, 33.89, 7.36, 42.7348, -87.7472, 5659.769312, 46, 
7, 19, 33.89, 8.63, 42.3814, -85.7134, 5675.420282, 43, 
7, 20, 33.89, 9.9, 41.9768, -83.7158, 5679.963185, 39, 
7, 21, 33.89, 11.17, 41.5229, -81.758, 5693.302049, 42, 
7, 22, 33.89, 12.44, 41.0217, -79.8433, 5699.600798, 38, 
7, 23, 33.89, 13.71, 40.4756, -77.9745, 5707.454501, 32, 
7, 24, 33.89, 14.98, 39.8869, -76.1537, 5709.237337, 31, 
7, 25, 33.89, 16.25, 39.258, -74.3826, 5707.016278, 30, 
7, 26, 33.89, 17.52, 38.5914, -72.6625, 5702.034801, 27, 
8, 0, 35.16, -15.5, 38.2701, -123.7899, 5653.699518, 13, 
8, 1, 35.16, -14.23, 38.8504, -122.0342, 5570.266981, 18, 
8, 2, 35.16, -12.96, 39.3903, -120.2339, 5512.803979, 19, 
8, 3, 35.16, -11.69, 39.8877, -118.3909, 5473.887457, 23, 
8, 4, 35.16, -10.42, 40.3405, -116.5077, 5440.452939, 25, 
8, 5, 35.16, -9.15, 40.7466, -114.587, 5424.951941, 30, 
8, 6, 35.16, -7.88, 41.1042, -112.6323, 5417.726064, 32, 
8, 7, 35.16, -6.61, 41.4116, -110.6472, 5411.848521, 35, 
8, 8, 35.16, -5.34, 41.6674, -108.6359, 5418.401205, 37, 
8, 9, 35.16, -4.07, 41.8702, -106.603, 5438.290441, 36, 
8, 10, 35.16, -2.8, 42.0192, -104.5532, 5460.558853, 38, 
8, 11, 35.16, -1.53, 42.1134, -102.4917, 5490.060949, 40, 
8, 12, 35.16, -0.26, 42.1524, -100.4237, 5514.078596, 41, 
8, 13, 35.16, 1.01, 42.136, -98.3546, 5554.065727, 42, 
8, 14, 35.16, 2.28, 42.0644, -96.2898, 5582.119115, 42, 
8, 15, 35.16, 3.55, 41.9378, -94.2346, 5618.065098, 42, 
8, 16, 35.16, 4.82, 41.7569, -92.1941, 5645.86818, 45, 
8, 17, 35.16, 6.09, 41.5227, -90.1734, 5669.029739, 46, 
8, 18, 35.16, 7.36, 41.2362, -88.1771, 5684.100624, 49, 
8, 19, 35.16, 8.63, 40.8989, -86.2094, 5700.452846, 47, 
8, 20, 35.16, 9.9, 40.5125, -84.2744, 5712.465823, 46, 
8, 21, 35.16, 11.17, 40.0786, -82.3754, 5718.959628, 39, 
8, 22, 35.16, 12.44, 39.5992, -80.5157, 5728.916625, 40, 
8, 23, 35.16, 13.71, 39.0765, -78.6976, 5733.615182, 35, 
8, 24, 35.16, 14.98, 38.5124, -76.9235, 5733.928101, 31, 
8, 25, 35.16, 16.25, 37.9093, -75.1949, 5731.796493, 30, 
8, 26, 35.16, 17.52, 37.2695, -73.5132, 5726.480609, 26, 
9, 0, 36.43, -15.5, 36.9137, -123.0485, 5657.702182, 16, 
9, 1, 36.43, -14.23, 37.4701, -121.3362, 5588.263358, 17, 
9, 2, 36.43, -12.96, 37.9875, -119.5831, 5531.907543, 21, 
9, 3, 36.43, -11.69, 38.4637, -117.7909, 5490.678481, 23, 
9, 4, 36.43, -10.42, 38.8969, -115.962, 5456.559742, 26, 
9, 5, 36.43, -9.15, 39.2852, -114.0991, 5434.265583, 29, 
9, 6, 36.43, -7.88, 39.6269, -112.2053, 5423.873779, 32, 
9, 7, 36.43, -6.61, 39.9205, -110.2841, 5415.381519, 36, 
9, 8, 36.43, -5.34, 40.1646, -108.3392, 5423.768552, 37, 
9, 9, 36.43, -4.07, 40.3582, -106.3747, 5432.054358, 35, 
9, 10, 36.43, -2.8, 40.5003, -104.3951, 5464.737058, 39, 
9, 11, 36.43, -1.53, 40.5901, -102.4049, 5486.236078, 44, 
9, 12, 36.43, -0.26, 40.6273, -100.4089, 5520.035967, 42, 
9, 13, 36.43, 1.01, 40.6117, -98.4119, 5559.544839, 43, 
9, 14, 36.43, 2.28, 40.5434, -96.4188, 5596.944522, 42, 
9, 15, 36.43, 3.55, 40.4226, -94.4343, 5630.535986, 46, 
9, 16, 36.43, 4.82, 40.2501, -92.4631, 5664.753136, 45, 
9, 17, 36.43, 6.09, 40.0265, -90.5096, 5691.146483, 47, 
9, 18, 36.43, 7.36, 39.753, -88.5782, 5713.784961, 50, 
9, 19, 36.43, 8.63, 39.4308, -86.6727, 5723.95513, 47, 
9, 20, 36.43, 9.9, 39.0614, -84.7968, 5733.141321, 45, 
9, 21, 36.43, 11.17, 38.6464, -82.9537, 5743.394505, 41, 
9, 22, 36.43, 12.44, 38.1876, -81.1462, 5749.549078, 39, 
9, 23, 36.43, 13.71, 37.6868, -79.3768, 5755.997894, 35, 
9, 24, 36.43, 14.98, 37.1461, -77.6476, 5755.731218, 33, 
9, 25, 36.43, 16.25, 36.5675, -75.9602, 5753.640066, 31, 
9, 26, 36.43, 17.52, 35.9531, -74.3161, 5747.378998, 28, 
10, 0, 37.7, -15.5, 35.5659, -122.3496, 5678.983247, 14, 
10, 1, 37.7, -14.23, 36.0998, -120.6792, 5609.679495, 16, 
10, 2, 37.7, -12.96, 36.5958, -118.9713, 5555.605872, 21, 
10, 3, 37.7, -11.69, 37.052, -117.2276, 5511.18074, 22, 
10, 4, 37.7, -10.42, 37.4667, -115.4504, 5479.761597, 25, 
10, 5, 37.7, -9.15, 37.8382, -113.6422, 5451.264967, 29, 
10, 6, 37.7, -7.88, 38.165, -111.8059, 5436.454044, 30, 
10, 7, 37.7, -6.61, 38.4456, -109.9447, 5427.431003, 36, 
10, 8, 37.7, -5.34, 38.6789, -108.062, 5420.646235, 38, 
10, 9, 37.7, -4.07, 38.8638, -106.1616, 5437.866669, 37, 
10, 10, 37.7, -2.8, 38.9994, -104.2476, 5463.660264, 41, 
10, 11, 37.7, -1.53, 39.0852, -102.324, 5499.455887, 44, 
10, 12, 37.7, -0.26, 39.1207, -100.3951, 5526.564705, 45, 
10, 13, 37.7, 1.01, 39.1058, -98.4654, 5565.617729, 44, 
10, 14, 37.7, 2.28, 39.0406, -96.5391, 5607.290465, 45, 
10, 15, 37.7, 3.55, 38.9253, -94.6206, 5637.11307, 45, 
10, 16, 37.7, 4.82, 38.7605, -92.7142, 5682.736969, 44, 
10, 17, 37.7, 6.09, 38.5469, -90.8238, 5711.092425, 48, 
10, 18, 37.7, 7.36, 38.2855, -88.9533, 5730.399662, 47, 
10, 19, 37.7, 8.63, 37.9775, -87.1064, 5746.785944, 46, 
10, 20, 37.7, 9.9, 37.6241, -85.2864, 5763.896321, 44, 
10, 21, 37.7, 11.17, 37.2269, -83.4962, 5770.206955, 43, 
10, 22, 37.7, 12.44, 36.7875, -81.7385, 5774.189706, 40, 
10, 23, 37.7, 13.71, 36.3076, -80.0157, 5774.770352, 37, 
10, 24, 37.7, 14.98, 35.789, -78.3297, 5775.592583, 36, 
10, 25, 37.7, 16.25, 35.2337, -76.6823, 5771.752539, 31, 
10, 26, 37.7, 17.52, 34.6435, -75.0747, 5768.643041, 29, 
11, 0, 38.97, -15.5, 34.2279, -121.6898, 5719.569834, 13, 
11, 1, 38.97, -14.23, 34.7403, -120.0598, 5631.566554, 15, 
11, 2, 38.97, -12.96, 35.216, -118.3952, 5577.349284, 17, 
11, 3, 38.97, -11.69, 35.6533, -116.6979, 5530.42797, 20, 
11, 4, 38.97, -10.42, 36.0506, -114.9698, 5505.113677, 23, 
11, 5, 38.97, -9.15, 36.4063, -113.2135, 5468.807906, 28, 
11, 6, 38.97, -7.88, 36.719, -111.4315, 5448.601241, 30, 
11, 7, 38.97, -6.61, 36.9874, -109.6268, 5438.254206, 37, 
11, 8, 38.97, -5.34, 37.2105, -107.8026, 5437.098684, 37, 
11, 9, 38.97, -4.07, 37.3872, -105.9623, 5451.417925, 41, 
11, 10, 38.97, -2.8, 37.5168, -104.1096, 5479.229076, 42, 
11, 11, 38.97, -1.53, 37.5987, -102.2483, 5503.923406, 45, 
11, 12, 38.97, -0.26, 37.6327, -100.3823, 5540.190032, 46, 
11, 13, 38.97, 1.01, 37.6185, -98.5154, 5578.598667, 45, 
11, 14, 38.97, 2.28, 37.5561, -96.6516, 5620.242407, 45, 
11, 15, 38.97, 3.55, 37.446, -94.795, 5653.67389, 47, 
11, 16, 38.97, 4.82, 37.2885, -92.9492, 5688.789601, 48, 
11, 17, 38.97, 6.09, 37.0843, -91.118, 5718.169194, 51, 
11, 18, 38.97, 7.36, 36.8343, -89.3049, 5756.794125, 45, 
11, 19, 38.97, 8.63, 36.5396, -87.5132, 5769.745089, 42, 
11, 20, 38.97, 9.9, 36.2014, -85.746, 5785.047752, 42, 
11, 21, 38.97, 11.17, 35.8209, -84.0061, 5789.845313, 44, 
11, 22, 38.97, 12.44, 35.3998, -82.2959, 5791.99926, 40, 
11, 23, 38.97, 13.71, 34.9396, -80.6177, 5794.951147, 39, 
11, 24, 38.97, 14.98, 34.442, -78.9733, 5795.106679, 36, 
11, 25, 38.97, 16.25, 33.9088, -77.3645, 5789.96486, 33, 
11, 26, 38.97, 17.52, 33.3417, -75.7924, 5784.328762, 28, 
12, 0, 40.24, -15.5, 32.9003, -121.0661, 5751.363388, 12, 
12, 1, 40.24, -14.23, 33.3923, -119.475, 5666.908436, 15, 
12, 2, 40.24, -12.96, 33.8489, -117.8521, 5612.348599, 16, 
12, 3, 40.24, -11.69, 34.2683, -116.1989, 5559.790222, 18, 
12, 4, 40.24, -10.42, 34.6491, -114.5177, 5522.13975, 21, 
12, 5, 40.24, -9.15, 34.9898, -112.8104, 5487.451946, 24, 
12, 6, 40.24, -7.88, 35.2892, -111.0797, 5458.488063, 29, 
12, 7, 40.24, -6.61, 35.5462, -109.3284, 5452.589712, 32, 
12, 8, 40.24, -5.34, 35.7596, -107.5592, 5456.158785, 34, 
12, 9, 40.24, -4.07, 35.9286, -105.7754, 5461.139199, 40, 
12, 10, 40.24, -2.8, 36.0526, -103.9804, 5483.294177, 40, 
12, 11, 40.24, -1.53, 36.131, -102.1774, 5517.859109, 43, 
12, 12, 40.24, -0.26, 36.1634, -100.3702, 5550.741718, 44, 
12, 13, 40.24, 1.01, 36.1498, -98.5622, 5588.609633, 46, 
12, 14, 40.24, 2.28, 36.0902, -96.7571, 5635.443005, 44, 
12, 15, 40.24, 3.55, 35.9849, -94.9584, 5672.589443, 45, 
12, 16, 40.24, 4.82, 35.8342, -93.1696, 5707.542475, 48, 
12, 17, 40.24, 6.09, 35.6389, -91.3941, 5740.914692, 48, 
12, 18, 40.24, 7.36, 35.3996, -89.635, 5772.170046, 44, 
12, 19, 40.24, 8.63, 35.1175, -87.8955, 5788.074503, 44, 
12, 20, 40.24, 9.9, 34.7935, -86.1784, 5806.211301, 42, 
12, 21, 40.24, 11.17, 34.4289, -84.4862, 5814.119222, 44, 
12, 22, 40.24, 12.44, 34.0252, -82.8213, 5812.466637, 40, 
12, 23, 40.24, 13.71, 33.5836, -81.1857, 5812.346271, 38, 
12, 24, 40.24, 14.98, 33.1059, -79.5814, 5810.674138, 33, 
12, 25, 40.24, 16.25, 32.5937, -78.0098, 5806.741985, 30, 
12, 26, 40.24, 17.52, 32.0486, -76.4723, 5798.739342, 26, 
13, 0, 41.51, -15.5, 31.5839, -120.4758, 5770.202038, 10, 
13, 1, 41.51, -14.23, 32.0566, -118.9222, 5719.070436, 14, 
13, 2, 41.51, -12.96, 32.4949, -117.3391, 5650.665282, 15, 
13, 3, 41.51, -11.69, 32.8973, -115.7282, 5599.433911, 17, 
13, 4, 41.51, -10.42, 33.2625, -114.0914, 5560.888131, 21, 
13, 5, 41.51, -9.15, 33.5892, -112.4309, 5519.026573, 23, 
13, 6, 41.51, -7.88, 33.8761, -110.7488, 5488.682115, 26, 
13, 7, 41.51, -6.61, 34.1222, -109.0477, 5475.880492, 29, 
13, 8, 41.51, -5.34, 34.3265, -107.3305, 5474.058224, 33, 
13, 9, 41.51, -4.07, 34.4884, -105.5999, 5475.211834, 37, 
13, 10, 41.51, -2.8, 34.607, -103.859, 5494.561907, 38, 
13, 11, 41.51, -1.53, 34.682, -102.1109, 5535.960145, 41, 
13, 12, 41.51, -0.26, 34.713, -100.3589, 5571.220203, 43, 
13, 13, 41.51, 1.01, 34.7, -98.6062, 5605.134368, 43, 
13, 14, 41.51, 2.28, 34.643, -96.8561, 5654.683692, 41, 
13, 15, 41.51, 3.55, 34.5422, -95.1119, 5694.955979, 42, 
13, 16, 41.51, 4.82, 34.398, -93.3767, 5732.234907, 44, 
13, 17, 41.51, 6.09, 34.211, -91.6536, 5766.552708, 44, 
13, 18, 41.51, 7.36, 33.9818, -89.9456, 5788.899442, 45, 
13, 19, 41.51, 8.63, 33.7115, -88.2554, 5813.687862, 41, 
13, 20, 41.51, 9.9, 33.401, -86.5857, 5821.90538, 42, 
13, 21, 41.51, 11.17, 33.0514, -84.9389, 5835.094929, 40, 
13, 22, 41.51, 12.44, 32.6641, -83.3172, 5828.172824, 34, 
13, 23, 41.51, 13.71, 32.2403, -81.7225, 5830.471644, 34, 
13, 24, 41.51, 14.98, 31.7815, -80.1567, 5829.086592, 29, 
13, 25, 41.51, 16.25, 31.2892, -78.6211, 5826.54278, 24, 
13, 26, 41.51, 17.52, 30.765, -77.117, 5814.53281, 23, 
14, 0, 42.78, -15.5, 30.2793, -119.9164, 5849.896963, 8, 
14, 1, 42.78, -14.23, 30.7336, -118.3988, 5776.771324, 12, 
14, 2, 42.78, -12.96, 31.1546, -116.8539, 5718.304253, 13, 
14, 3, 42.78, -11.69, 31.541, -115.2834, 5660.082869, 13, 
14, 4, 42.78, -10.42, 31.8914, -113.6891, 5616.601931, 17, 
14, 5, 42.78, -9.15, 32.2047, -112.0728, 5547.257297, 22, 
14, 6, 42.78, -7.88, 32.4798, -110.4368, 5523.054018, 25, 
14, 7, 42.78, -6.61, 32.7157, -108.7834, 5505.999779, 26, 
14, 8, 42.78, -5.34, 32.9115, -107.1151, 5497.542255, 32, 
14, 9, 42.78, -4.07, 33.0665, -105.4346, 5509.493309, 39, 
14, 10, 42.78, -2.8, 33.1801, -103.7447, 5524.406864, 37, 
14, 11, 42.78, -1.53, 33.2519, -102.0483, 5552.646175, 38, 
14, 12, 42.78, -0.26, 33.2816, -100.3482, 5588.708, 38, 
14, 13, 42.78, 1.01, 33.2692, -98.6475, 5630.298405, 40, 
14, 14, 42.78, 2.28, 33.2146, -96.9493, 5674.310041, 36, 
14, 15, 42.78, 3.55, 33.118, -95.2563, 5715.825742, 37, 
14, 16, 42.78, 4.82, 32.9799, -93.5716, 5751.706195, 38, 
14, 17, 42.78, 6.09, 32.8007, -91.898, 5786.422274, 38, 
14, 18, 42.78, 7.36, 32.5812, -90.2382, 5819.210432, 40, 
14, 19, 42.78, 8.63, 32.322, -88.5948, 5828.259104, 43, 
14, 20, 42.78, 9.9, 32.0242, -86.9702, 5840.715752, 40, 
14, 21, 42.78, 11.17, 31.6889, -85.3666, 5850.53889, 38, 
14, 22, 42.78, 12.44, 31.3171, -83.7861, 5850.792689, 33, 
14, 23, 42.78, 13.71, 30.9101, -82.2305, 5845.652333, 31, 
14, 24, 42.78, 14.98, 30.4693, -80.7016, 5843.874094, 26, 
14, 25, 42.78, 16.25, 29.996, -79.2007, 5840.477552, 23, 
14, 26, 42.78, 17.52, 29.4918, -77.7291, 5841.451955, 22, 
15, 0, 44.05, -15.5, 28.9872, -119.3856, 5929.949542, 8, 
15, 1, 44.05, -14.23, 29.424, -117.9026, 5836.239537, 10, 
15, 2, 44.05, -12.96, 29.8285, -116.3945, 5764.054635, 11, 
15, 3, 44.05, -11.69, 30.1996, -114.8626, 5680.439128, 14, 
15, 4, 44.05, -10.42, 30.536, -113.3086, 5616.080038, 17, 
15, 5, 44.05, -9.15, 30.8367, -111.7345, 5584.236023, 20, 
15, 6, 44.05, -7.88, 31.1006, -110.1422, 5557.62664, 21, 
15, 7, 44.05, -6.61, 31.3268, -108.5339, 5539.487099, 26, 
15, 8, 44.05, -5.34, 31.5145, -106.912, 5529.647288, 27, 
15, 9, 44.05, -4.07, 31.6631, -105.2789, 5535.187033, 31, 
15, 10, 44.05, -2.8, 31.772, -103.6371, 5551.490999, 33, 
15, 11, 44.05, -1.53, 31.8408, -101.9893, 5589.4896, 34, 
15, 12, 44.05, -0.26, 31.8693, -100.3382, 5613.519828, 34, 
15, 13, 44.05, 1.01, 31.8573, -98.6865, 5652.358399, 34, 
15, 14, 44.05, 2.28, 31.805, -97.0371, 5704.831627, 35, 
15, 15, 44.05, 3.55, 31.7125, -95.3925, 5739.870347, 36, 
15, 16, 44.05, 4.82, 31.5801, -93.7555, 5775.465459, 36, 
15, 17, 44.05, 6.09, 31.4083, -92.1286, 5817.256158, 36, 
15, 18, 44.05, 7.36, 31.1978, -90.5145, 5839.312548, 40, 
15, 19, 44.05, 8.63, 30.9493, -88.9154, 5847.336333, 38, 
15, 20, 44.05, 9.9, 30.6635, -87.3335, 5861.085085, 38, 
15, 21, 44.05, 11.17, 30.3416, -85.7711, 5871.233481, 35, 
15, 22, 44.05, 12.44, 29.9846, -84.23, 5866.315514, 31, 
15, 23, 44.05, 13.71, 29.5936, -82.7119, 5859.963415, 28, 
15, 24, 44.05, 14.98, 29.1698, -81.2185, 5857.427236, 25, 
15, 25, 44.05, 16.25, 28.7147, -79.751, 5855.003958, 20, 
15, 26, 44.05, 17.52, 28.2295, -78.3108, 5853.129737, 19, 
16, 0, 45.32, -15.5, 27.708, -118.8813, 8410.559833, 7, 
16, 1, 45.32, -14.23, 28.1281, -117.4317, 7659.199575, 8, 
16, 2, 45.32, -12.96, 28.517, -115.9588, 5722.126051, 11, 
16, 3, 45.32, -11.69, 28.8736, -114.4638, 5690.425901, 11, 
16, 4, 45.32, -10.42, 29.1967, -112.9484, 5653.181874, 14, 
16, 5, 45.32, -9.15, 29.4854, -111.4144, 5601.17739, 15, 
16, 6, 45.32, -7.88, 29.7387, -109.8637, 5587.721338, 17, 
16, 7, 45.32, -6.61, 29.9557, -108.2982, 5571.382673, 25, 
16, 8, 45.32, -5.34, 30.1358, -106.7201, 5567.019255, 24, 
16, 9, 45.32, -4.07, 30.2783, -105.1317, 5574.183346, 26, 
16, 10, 45.32, -2.8, 30.3827, -103.5354, 5580.634575, 30, 
16, 11, 45.32, -1.53, 30.4487, -101.9336, 5619.490183, 32, 
16, 12, 45.32, -0.26, 30.476, -100.3287, 5645.106746, 33, 
16, 13, 45.32, 1.01, 30.4645, -98.7233, 5673.628759, 32, 
16, 14, 45.32, 2.28, 30.4144, -97.1199, 5729.898774, 31, 
16, 15, 45.32, 3.55, 30.3257, -95.5211, 5770.046897, 31, 
16, 16, 45.32, 4.82, 30.1987, -93.9291, 5816.920715, 32, 
16, 17, 45.32, 6.09, 30.034, -92.3466, 5843.619286, 32, 
16, 18, 45.32, 7.36, 29.832, -90.7757, 5865.457897, 37, 
16, 19, 45.32, 8.63, 29.5934, -89.2186, 5870.77095, 36, 
16, 20, 45.32, 9.9, 29.3191, -87.6775, 5885.99326, 32, 
16, 21, 45.32, 11.17, 29.01, -86.1543, 5880.982906, 29, 
16, 22, 45.32, 12.44, 28.667, -84.6508, 5872.590759, 24, 
16, 23, 45.32, 13.71, 28.2911, -83.1686, 5872.549479, 24, 
16, 24, 45.32, 14.98, 27.8837, -81.7093, 5868.875257, 19, 
16, 25, 45.32, 16.25, 27.4458, -80.2741, 5866.045108, 17, 
16, 26, 45.32, 17.52, 26.9787, -78.8643, 5867.225191, 15, 
17, 0, 46.59, -15.5, 26.4421, -118.4017, 4141.991421, 6, 
17, 1, 46.59, -14.23, 26.8463, -116.9843, 5964.799516, 8, 
17, 2, 46.59, -12.96, 27.2203, -115.545, 5901.179988, 9, 
17, 3, 46.59, -11.69, 27.5631, -114.0854, 5843.277789, 9, 
17, 4, 46.59, -10.42, 27.8737, -112.6069, 5690.536725, 12, 
17, 5, 46.59, -9.15, 28.151, -111.1111, 5645.85717, 14, 
17, 6, 46.59, -7.88, 28.3942, -109.5999, 5632.403906, 14, 
17, 7, 46.59, -6.61, 28.6026, -108.075, 5623.019967, 18, 
17, 8, 46.59, -5.34, 28.7754, -106.5385, 5604.854501, 22, 
17, 9, 46.59, -4.07, 28.9121, -104.9926, 5609.445772, 23, 
17, 10, 46.59, -2.8, 29.0123, -103.4393, 5619.892216, 24, 
17, 11, 46.59, -1.53, 29.0756, -101.8809, 5660.589936, 31, 
17, 12, 46.59, -0.26, 29.1018, -100.3197, 5681.146474, 29, 
17, 13, 46.59, 1.01, 29.0908, -98.7581, 5710.610392, 28, 
17, 14, 46.59, 2.28, 29.0427, -97.1983, 5752.371534, 26, 
17, 15, 46.59, 3.55, 28.9576, -95.6427, 5795.170605, 28, 
17, 16, 46.59, 4.82, 28.8358, -94.0934, 5844.28217, 27, 
17, 17, 46.59, 6.09, 28.6777, -92.5528, 5869.318861, 29, 
17, 18, 46.59, 7.36, 28.4838, -91.023, 5882.619411, 31, 
17, 19, 46.59, 8.63, 28.2547, -89.5059, 5894.196513, 29, 
17, 20, 46.59, 9.9, 27.9913, -88.0035, 5909.849765, 28, 
17, 21, 46.59, 11.17, 27.6942, -86.5178, 5902.209776, 26, 
17, 22, 46.59, 12.44, 27.3645, -85.0502, 5884.274263, 23, 
17, 23, 46.59, 13.71, 27.0031, -83.6025, 5883.750097, 23, 
17, 24, 46.59, 14.98, 26.6112, -82.1759, 5876.048061, 18, 
17, 25, 46.59, 16.25, 26.1897, -80.7719, 5874.799871, 15, 
17, 26, 46.59, 17.52, 25.74, -79.3914, 5876.474254, 14, 
18, 0, 47.86, -15.5, 25.1899, -117.9451, nan, 4, 
18, 1, 47.86, -14.23, 25.579, -116.5586, 6031.791222, 8, 
18, 2, 47.86, -12.96, 25.9388, -115.1517, 5965.668681, 8, 
18, 3, 47.86, -11.69, 26.2685, -113.726, 5901.993654, 9, 
18, 4, 47.86, -10.42, 26.5671, -112.2827, 5713.122018, 12, 
18, 5, 47.86, -9.15, 26.8336, -110.8234, 5703.687989, 12, 
18, 6, 47.86, -7.88, 27.0673, -109.3497, 5696.021742, 14, 
18, 7, 47.86, -6.61, 27.2674, -107.8634, 5693.820278, 15, 
18, 8, 47.86, -5.34, 27.4334, -106.3665, 5670.924044, 17, 
18, 9, 47.86, -4.07, 27.5647, -104.8607, 5669.83518, 20, 
18, 10, 47.86, -2.8, 27.6608, -103.3482, 5674.249196, 21, 
18, 11, 47.86, -1.53, 27.7216, -101.831, 5693.664136, 22, 
18, 12, 47.86, -0.26, 27.7468, -100.3113, 5725.580785, 24, 
18, 13, 47.86, 1.01, 27.7362, -98.7911, 5755.625449, 23, 
18, 14, 47.86, 2.28, 27.69, -97.2726, 5781.491214, 24, 
18, 15, 47.86, 3.55, 27.6083, -95.7579, 5816.200177, 24, 
18, 16, 47.86, 4.82, 27.4914, -94.2491, 5865.784023, 25, 
18, 17, 47.86, 6.09, 27.3395, -92.7483, 5897.720009, 29, 
18, 18, 47.86, 7.36, 27.1533, -91.2574, 5913.501011, 28, 
18, 19, 47.86, 8.63, 26.9333, -89.7784, 5918.542435, 29, 
18, 20, 47.86, 9.9, 26.6801, -88.313, 5918.884042, 24, 
18, 21, 47.86, 11.17, 26.3946, -86.863, 5921.498187, 24, 
18, 22, 47.86, 12.44, 26.0775, -85.4298, 5893.218871, 20, 
18, 23, 47.86, 13.71, 25.7299, -84.0151, 5876.952313, 15, 
18, 24, 47.86, 14.98, 25.3527, -82.6201, 5880.60624, 15, 
18, 25, 47.86, 16.25, 24.9469, -81.246, 5881.344793, 14, 
18, 26, 47.86, 17.52, 24.5137, -79.894, 5883.568412, 13, 
19, 0, 49.13, -15.5, 23.9518, -117.5099, nan, 4, 
19, 1, 49.13, -14.23, 24.3264, -116.1531, nan, 5, 
19, 2, 49.13, -12.96, 24.6728, -114.7774, 6899.938061, 6, 
19, 3, 49.13, -11.69, 24.99, -113.3841, 6743.684528, 7, 
19, 4, 49.13, -10.42, 25.2771, -111.9744, 5904.979335, 8, 
19, 5, 49.13, -9.15, 25.5333, -110.5499, 5693.65544, 11, 
19, 6, 49.13, -7.88, 25.758, -109.1121, 5707.121983, 10, 
19, 7, 49.13, -6.61, 25.9503, -107.6626, 5728.931572, 14, 
19, 8, 49.13, -5.34, 26.1098, -106.2032, 5718.282614, 15, 
19, 9, 49.13, -4.07, 26.2359, -104.7357, 5705.980747, 15, 
19, 10, 49.13, -2.8, 26.3283, -103.2619, 5719.141007, 19, 
19, 11, 49.13, -1.53, 26.3866, -101.7837, 5729.700384, 19, 
19, 12, 49.13, -0.26, 26.4108, -100.3032, 5771.925454, 20, 
19, 13, 49.13, 1.01, 26.4006, -98.8223, 5797.38148, 20, 
19, 14, 49.13, 2.28, 26.3563, -97.343, 5814.596317, 20, 
19, 15, 49.13, 3.55, 26.2778, -95.8671, 5832.152415, 20, 
19, 16, 49.13, 4.82, 26.1655, -94.3968, 5860.55607, 19, 
19, 17, 49.13, 6.09, 26.0196, -92.9338, 5910.517899, 23, 
19, 18, 49.13, 7.36, 25.8406, -91.4801, 5920.508045, 25, 
19, 19, 49.13, 8.63, 25.6292, -90.0373, 5932.512999, 25, 
19, 20, 49.13, 9.9, 25.3858, -88.6071, 5940.187361, 24, 
19, 21, 49.13, 11.17, 25.1112, -87.1912, 5906.941641, 21, 
19, 22, 49.13, 12.44, 24.8062, -85.791, 5890.851258, 16, 
19, 23, 49.13, 13.71, 24.4717, -84.4079, 5874.347759, 14, 
19, 24, 49.13, 14.98, 24.1085, -83.0433, 5880.066553, 13, 
19, 25, 49.13, 16.25, 23.7177, -81.6981, 5881.929462, 12, 
19, 26, 49.13, 17.52, 23.3003, -80.3735, 5879.227283, 9, 
20, 0, 50.4, -15.5, 22.728, -117.0947, nan, 3, 
20, 1, 50.4, -14.23, 23.0888, -115.7666, nan, 5, 
20, 2, 50.4, -12.96, 23.4223, -114.4208, nan, 5, 
20, 3, 50.4, -11.69, 23.7276, -113.0585, 6916.984912, 6, 
20, 4, 50.4, -10.42, 24.0038, -111.6811, nan, 5, 
20, 5, 50.4, -9.15, 24.2503, -110.2898, 6251.645448, 8, 
20, 6, 50.4, -7.88, 24.4663, -108.8862, 5710.072533, 8, 
20, 7, 50.4, -6.61, 24.6513, -107.4717, 5780.042425, 12, 
20, 8, 50.4, -5.34, 24.8045, -106.0481, 5751.441974, 12, 
20, 9, 50.4, -4.07, 24.9258, -104.6168, 5742.406853, 14, 
20, 10, 50.4, -2.8, 25.0145, -103.1798, 5759.603096, 15, 
20, 11, 50.4, -1.53, 25.0706, -101.7388, 5761.430265, 18, 
20, 12, 50.4, -0.26, 25.0938, -100.2956, 5795.333787, 16, 
20, 13, 50.4, 1.01, 25.0841, -98.852, 5823.763355, 18, 
20, 14, 50.4, 2.28, 25.0415, -97.4098, 5833.067852, 20, 
20, 15, 50.4, 3.55, 24.966, -95.9709, 5834.051165, 18, 
20, 16, 50.4, 4.82, 24.8581, -94.5371, 5850.931851, 16, 
20, 17, 50.4, 6.09, 24.7179, -93.1102, 5888.056234, 16, 
20, 18, 50.4, 7.36, 24.5458, -91.6917, 5931.038953, 19, 
20, 19, 50.4, 8.63, 24.3425, -90.2835, 5934.283432, 22, 
20, 20, 50.4, 9.9, 24.1084, -88.887, 5911.950833, 18, 
20, 21, 50.4, 11.17, 23.8442, -87.5037, 5913.93379, 18, 
20, 22, 50.4, 12.44, 23.5507, -86.1351, 5845.932843, 13, 
20, 23, 50.4, 13.71, 23.2287, -84.7824, 5868.668106, 14, 
20, 24, 50.4, 14.98, 22.879, -83.4469, 5873.646084, 11, 
20, 25, 50.4, 16.25, 22.5025, -82.1296, 5884.253978, 10, 
20, 26, 50.4, 17.52, 22.1002, -80.8316, 5884.014234, 8, 
