x, y, x_cm, y_cm, lat, lon, analysis, number_of_obs
0, 0, 25.0, -15.5, 49.2763, -131.7989, 5409.974966, 53, 
0, 1, 25.0, -14.23, 50.1031, -129.6485, 5400.055395, 56, 
0, 2, 25.0, -12.96, 50.88, -127.4022, 5394.969756, 58, 
0, 3, 25.0, -11.69, 51.6024, -125.0608, 5393.460684, 63, 
0, 4, 25.0, -10.42, 52.2659, -122.6264, 5385.304639, 67, 
0, 5, 25.0, -9.15, 52.8661, -120.1026, 5374.810583, 71, 
0, 6, 25.0, -7.88, 53.3987, -117.4949, 5376.318255, 76, 
0, 7, 25.0, -6.61, 53.8599, -114.8101, 5369.693248, 76, 
0, 8, 25.0, -5.34, 54.246, -112.0572, 5360.664593, 83, 
0, 9, 25.0, -4.07, 54.5538, -109.2466, 5356.541429, 85, 
0, 10, 25.0, -2.8, 54.7807, -106.3905, 5355.189616, 91, 
0, 11, 25.0, -1.53, 54.9246, -103.5021, 5357.735567, 93, 
0, 12, 25.0, -0.26, 54.9843, -100.5959, 5367.703315, 97, 
0, 13, 25.0, 1.01, 54.9593, -97.6865, 5371.326067, 95, 
0, 14, 25.0, 2.28, 54.8497, -94.789, 5385.213837, 95, 
0, 15, 25.0, 3.55, 54.6566, -91.918, 5386.800188, 95, 
0, 16, 25.0, 4.82, 54.3817, -89.0873, 5389.288415, 91, 
0, 17, 25.0, 6.09, 54.0273, -86.3094, 5402.98725, 92, 
0, 18, 25.0, 7.36, 53.5964, -83.5956, 5420.779631, 87, 
0, 19, 25.0, 8.63, 53.0926, -80.9553, 5436.439787, 86, 
0, 20, 25.0, 9.9, 52.5195, -78.3964, 5440.234792, 82, 
0, 21, 25.0, 11.17, 51.8814, -75.9249, 5448.250632, 75, 
0, 22, 25.0, 12.44, 51.1826, -73.5451, 5446.852656, 75, 
0, 23, 25.0, 13.71, 50.4275, -71.2596, 5444.880963, 69, 
0, 24, 25.0, 14.98, 49.6206, -69.07, 5440.944603, 63, 
0, 25, 25.0, 16.25, 48.7662, -66.9761, 5443.29959, 60, 
0, 26, 25.0, 17.52, 47.8687, -64.9772, 5437.429388, 55, 
1, 0, 26.27, -15.5, 47.9015, -130.5417, 5426.463124, 53, 
1, 1, 26.27, -14.23, 48.6911, -128.4436, 5418.952394, 59, 
1, 2, 26.27, -12.96, 49.4317, -126.2589, 5405.8979, 60, 
1, 3, 26.27, -11.69, 50.1192, -123.9888, 5393.762454, 63, 
1, 4, 26.27, -10.42, 50.7497, -121.6358, 5398.552851, 71, 
1, 5, 26.27, -9.15, 51.3192, -119.2035, 5393.704026, 72, 
1, 6, 26.27, -7.88, 51.824, -116.6972, 5384.620347, 75, 
1, 7, 26.27, -6.61, 52.2604, -114.1235, 5381.7659, 79, 
1, 8, 26.27, -5.34, 52.6253, -111.4902, 5376.164965, 85, 
1, 9, 26.27, -4.07, 52.916, -108.8068, 5371.38807, 84, 
1, 10, 26.27, -2.8, 53.1301, -106.0839, 5377.584484, 91, 
1, 11, 26.27, -1.53, 53.2658, -103.3332, 5378.409049, 98, 
1, 12, 26.27, -0.26, 53.3221, -100.5671, 5376.605793, 99, 
1, 13, 26.27, 1.01, 53.2985, -97.7982, 5394.363314, 100, 
1, 14, 26.27, 2.28, 53.1952, -95.0397, 5397.894111, 101, 
1, 15, 26.27, 3.55, 53.013, -92.3039, 5417.069436, 100, 
1, 16, 26.27, 4.82, 52.7535, -89.6031, 5423.796013, 99, 
1, 17, 26.27, 6.09, 52.4186, -86.9481, 5434.080459, 94, 
1, 18, 26.27, 7.36, 52.0111, -84.3489, 5455.340522, 88, 
1, 19, 26.27, 8.63, 51.5339, -81.814, 5469.682577, 88, 
1, 20, 26.27, 9.9, 50.9905, -79.3508, 5479.490545, 84, 
1, 21, 26.27, 11.17, 50.3845, -76.9648, 5487.981909, 80, 
1, 22, 26.27, 12.44, 49.7198, -74.6604, 5486.567633, 78, 
1, 23, 26.27, 13.71, 49.0005, -72.4405, 5487.016372, 74, 
1, 24, 26.27, 14.98, 48.2304, -70.3068, 5488.045804, 68, 
1, 25, 26.27, 16.25, 47.4138, -68.26, 5484.753878, 61, 
1, 26, 26.27, 17.52, 46.5546, -66.2999, 5479.04835, 58, 
2, 0, 27.54, -15.5, 46.5222, -129.3716, 5463.609399, 53, 
2, 1, 27.54, -14.23, 47.2766, -127.3255, 5444.733289, 57, 
2, 2, 27.54, -12.96, 47.9831, -125.2011, 5431.950968, 59, 
2, 3, 27.54, -11.69, 48.6381, -122.9999, 5417.238747, 63, 
2, 4, 27.54, -10.42, 49.2379, -120.7246, 5418.94473, 67, 
2, 5, 27.54, -9.15, 49.7789, -118.3788, 5407.34913, 72, 
2, 6, 27.54, -7.88, 50.2578, -115.9674, 5399.992813, 74, 
2, 7, 27.54, -6.61, 50.6714, -113.4965, 5392.29263, 82, 
2, 8, 27.54, -5.34, 51.017, -110.9735, 5391.533509, 86, 
2, 9, 27.54, -4.07, 51.2919, -108.4066, 5389.845714, 87, 
2, 10, 27.54, -2.8, 51.4943, -105.8053, 5394.79239, 97, 
2, 11, 27.54, -1.53, 51.6226, -103.1798, 5396.645544, 100, 
2, 12, 27.54, -0.26, 51.6758, -100.5409, 5403.616942, 102, 
2, 13, 27.54, 1.01, 51.6535, -97.8997, 5408.655924, 104, 
2, 14, 27.54, 2.28, 51.5558, -95.2674, 5429.253357, 105, 
2, 15, 27.54, 3.55, 51.3837, -92.6549, 5438.320998, 103, 
2, 16, 27.54, 4.82, 51.1382, -90.0727, 5448.854121, 101, 
2, 17, 27.54, 6.09, 50.8213, -87.5307, 5464.134902, 97, 
2, 18, 27.54, 7.36, 50.4352, -85.0375, 5496.710253, 91, 
2, 19, 27.54, 8.63, 49.9827, -82.601, 5507.702988, 89, 
2, 20, 27.54, 9.9, 49.4667, -80.2276, 5515.362182, 85, 
2, 21, 27.54, 11.17, 48.8906, -77.9229, 5520.394979, 82, 
2, 22, 27.54, 12.44, 48.2578, -75.691, 5530.072236, 81, 
2, 23, 27.54, 13.71, 47.5719, -73.5349, 5527.977995, 79, 
2, 24, 27.54, 14.98, 46.8367, -71.4566, 5531.120582, 72, 
2, 25, 27.54, 16.25, 46.0558, -69.4572, 5525.498354, 70, 
2, 26, 27.54, 17.52, 45.2329, -67.5369, 5519.477185, 62, 
3, 0, 28.81, -15.5, 45.1409, -128.2806, 5477.178447, 53, 
3, 1, 28.81, -14.23, 45.862, -126.286, 5458.955625, 59, 
3, 2, 28.81, -12.96, 46.5365, -124.2203, 5445.845983, 61, 
3, 3, 28.81, -11.69, 47.161, -122.0854, 5437.07724, 62, 
3, 4, 28.81, -10.42, 47.7321, -119.884, 5424.793113, 65, 
3, 5, 28.81, -9.15, 48.2466, -117.6197, 5416.06588, 73, 
3, 6, 28.81, -7.88, 48.7016, -115.2972, 5407.531614, 77, 
3, 7, 28.81, -6.61, 49.0941, -112.922, 5407.016201, 82, 
3, 8, 28.81, -5.34, 49.4217, -110.5007, 5408.280899, 88, 
3, 9, 28.81, -4.07, 49.6823, -108.041, 5405.732124, 92, 
3, 10, 28.81, -2.8, 49.8739, -105.5511, 5411.136954, 100, 
3, 11, 28.81, -1.53, 49.9953, -103.0399, 5413.403962, 100, 
3, 12, 28.81, -0.26, 50.0457, -100.5171, 5424.742694, 105, 
3, 13, 28.81, 1.01, 50.0246, -97.9922, 5435.112245, 108, 
3, 14, 28.81, 2.28, 49.9322, -95.4751, 5441.148217, 108, 
3, 15, 28.81, 3.55, 49.7691, -92.9754, 5456.015151, 105, 
3, 16, 28.81, 4.82, 49.5366, -90.5022, 5471.985599, 104, 
3, 17, 28.81, 6.09, 49.2362, -88.0642, 5484.15213, 101, 
3, 18, 28.81, 7.36, 48.87, -85.6693, 5519.732884, 95, 
3, 19, 28.81, 8.63, 48.4403, -83.3245, 5540.505939, 93, 
3, 20, 28.81, 9.9, 47.9498, -81.0357, 5554.278059, 88, 
3, 21, 28.81, 11.17, 47.4014, -78.8081, 5560.183335, 85, 
3, 22, 28.81, 12.44, 46.7984, -76.6456, 5568.258657, 84, 
3, 23, 28.81, 13.71, 46.144, -74.5513, 5571.333606, 81, 
3, 24, 28.81, 14.98, 45.4416, -72.5274, 5570.432456, 77, 
3, 25, 28.81, 16.25, 44.6945, -70.5753, 5564.710496, 75, 
3, 26, 28.81, 17.52, 43.9062, -68.6953, 5558.54029, 70, 
4, 0, 30.08, -15.5, 43.7596, -127.2617, 5488.382905, 54, 
4, 1, 30.08, -14.23, 44.4494, -125.3175, 5491.258627, 57, 
4, 2, 30.08, -12.96, 45.0937, -123.3088, 5469.87834, 61, 
4, 3, 30.08, -11.69, 45.6895, -121.2376, 5442.546343, 66, 
4, 4, 30.08, -10.42, 46.2338, -119.1066, 5426.998056, 68, 
4, 5, 30.08, -9.15, 46.7237, -116.9192, 5427.742183, 74, 
4, 6, 30.08, -7.88, 47.1564, -114.6798, 5422.205097, 76, 
4, 7, 30.08, -6.61, 47.5294, -112.3936, 5418.839688, 86, 
4, 8, 30.08, -5.34, 47.8405, -110.0666, 5416.460579, 88, 
4, 9, 30.08, -4.07, 48.0877, -107.7057, 5421.382674, 92, 
4, 10, 30.08, -2.8, 48.2694, -105.3181, 5429.852988, 99, 
4, 11, 30.08, -1.53, 48.3845, -102.9118, 5438.775532, 104, 
4, 12, 30.08, -0.26, 48.4323, -100.4952, 5450.209132, 108, 
4, 13, 30.08, 1.01, 48.4123, -98.0769, 5455.710352, 108, 
4, 14, 30.08, 2.28, 48.3247, -95.6654, 5467.94282, 109, 
4, 15, 30.08, 3.55, 48.1701, -93.2692, 5479.323154, 107, 
4, 16, 30.08, 4.82, 47.9495, -90.8964, 5496.323992, 105, 
4, 17, 30.08, 6.09, 47.6644, -88.5546, 5522.176686, 104, 
4, 18, 30.08, 7.36, 47.3164, -86.251, 5549.434474, 98, 
4, 19, 30.08, 8.63, 46.9079, -83.9917, 5567.244419, 98, 
4, 20, 30.08, 9.9, 46.4411, -81.7825, 5579.297163, 94, 
4, 21, 30.08, 11.17, 45.9188, -79.6279, 5589.245273, 90, 
4, 22, 30.08, 12.44, 45.3437, -77.5318, 5604.168792, 84, 
4, 23, 30.08, 13.71, 44.7189, -75.4972, 5606.886762, 80, 
4, 24, 30.08, 14.98, 44.0473, -73.5265, 5607.646431, 78, 
4, 25, 30.08, 16.25, 43.3323, -71.6209, 5600.072248, 75, 
4, 26, 30.08, 17.52, 42.5767, -69.7815, 5603.175226, 71, 
5, 0, 31.35, -15.5, 42.3803, -126.3086, 5538.0558, 54, 
5, 1, 31.35, -14.23, 43.0404, -124.4137, 5502.293232, 56, 
5, 2, 31.35, -12.96, 43.6563, -122.4601, 5473.506123, 63, 
5, 3, 31.35, -11.69, 44.2252, -120.4498, 5458.507003, 67, 
5, 4, 31.35, -10.42, 44.7444, -118.3856, 5439.938123, 70, 
5, 5, 31.35, -9.15, 45.2112, -116.2707, 5432.231079, 74, 
5, 6, 31.35, -7.88, 45.6232, -114.1093, 5430.59592, 78, 
5, 7, 31.35, -6.61, 45.9781, -111.9062, 5431.679997, 83, 
5, 8, 31.35, -5.34, 46.2738, -109.6667, 5433.101819, 88, 
5, 9, 31.35, -4.07, 46.5087, -107.397, 5437.661165, 92, 
5, 10, 31.35, -2.8, 46.6813, -105.1038, 5450.653838, 100, 
5, 11, 31.35, -1.53, 46.7906, -102.794, 5463.55746, 105, 
5, 12, 31.35, -0.26, 46.8359, -100.4752, 5470.389085, 105, 
5, 13, 31.35, 1.01, 46.8169, -98.1547, 5481.767948, 106, 
5, 14, 31.35, 2.28, 46.7338, -95.8404, 5490.790596, 106, 
5, 15, 31.35, 3.55, 46.587, -93.5395, 5500.599102, 107, 
5, 16, 31.35, 4.82, 46.3774, -91.2593, 5535.457213, 104, 
5, 17, 31.35, 6.09, 46.1064, -89.0067, 5558.376476, 106, 
5, 18, 31.35, 7.36, 45.7755, -86.788, 5574.39315, 103, 
5, 19, 31.35, 8.63, 45.3867, -84.6089, 5596.553644, 97, 
5, 20, 31.35, 9.9, 44.942, -82.4744, 5606.891251, 95, 
5, 21, 31.35, 11.17, 44.444, -80.389, 5618.780417, 91, 
5, 22, 31.35, 12.44, 43.8951, -78.3563, 5626.606434, 89, 
5, 23, 31.35, 13.71, 43.2981, -76.3793, 5640.560419, 81, 
5, 24, 31.35, 14.98, 42.6557, -74.4601, 5644.940877, 77, 
5, 25, 31.35, 16.25, 41.971, -72.6004, 5644.52335, 74, 
5, 26, 31.35, 17.52, 41.2466, -70.8013, 5637.968787, 71, 
6, 0, 32.62, -15.5, 41.0047, -125.4156, 5575.081204, 51, 
6, 1, 32.62, -14.23, 41.6367, -123.5685, 5524.236764, 57, 
6, 2, 32.62, -12.96, 42.2258, -121.668, 5497.514797, 60, 
6, 3, 32.62, -11.69, 42.7694, -119.7161, 5475.777942, 66, 
6, 4, 32.62, -10.42, 43.2651, -117.7153, 5450.14066, 68, 
6, 5, 32.62, -9.15, 43.7103, -115.669, 5441.761939, 77, 
6, 6, 32.62, -7.88, 44.103, -113.5807, 5431.379864, 78, 
6, 7, 32.62, -6.61, 44.4409, -111.4551, 5441.045725, 85, 
6, 8, 32.62, -5.34, 44.7224, -109.297, 5445.673014, 89, 
6, 9, 32.62, -4.07, 44.9459, -107.112, 5450.983667, 91, 
6, 10, 32.62, -2.8, 45.11, -104.9061, 5468.544189, 99, 
6, 11, 32.62, -1.53, 45.2139, -102.6854, 5477.285102, 103, 
6, 12, 32.62, -0.26, 45.2569, -100.4567, 5494.605207, 105, 
6, 13, 32.62, 1.01, 45.2389, -98.2265, 5503.010634, 104, 
6, 14, 32.62, 2.28, 45.1599, -96.0018, 5513.190674, 105, 
6, 15, 32.62, 3.55, 45.0203, -93.789, 5538.212526, 107, 
6, 16, 32.62, 4.82, 44.821, -91.5947, 5558.221591, 108, 
6, 17, 32.62, 6.09, 44.5631, -89.4249, 5583.362537, 106, 
6, 18, 32.62, 7.36, 44.2481, -87.2853, 5601.08343, 102, 
6, 19, 32.62, 8.63, 43.8776, -85.1812, 5619.132964, 98, 
6, 20, 32.62, 9.9, 43.4536, -83.1172, 5633.976872, 96, 
6, 21, 32.62, 11.17, 42.9783, -81.0974, 5647.052383, 92, 
6, 22, 32.62, 12.44, 42.454, -79.1251, 5660.251999, 87, 
6, 23, 32.62, 13.71, 41.8832, -77.2033, 5665.013586, 85, 
6, 24, 32.62, 14.98, 41.2684, -75.3341, 5672.109356, 78, 
6, 25, 32.62, 16.25, 40.6124, -73.5193, 5677.999971, 76, 
6, 26, 32.62, 17.52, 39.9176, -71.76, 5670.546551, 71, 
7, 0, 33.89, -15.5, 39.6341, -124.5776, 5617.993154, 51, 
7, 1, 33.89, -14.23, 40.2396, -122.7769, 5561.582451, 54, 
7, 2, 33.89, -12.96, 40.8034, -120.9275, 5517.838818, 62, 
7, 3, 33.89, -11.69, 41.3233, -119.0313, 5485.304561, 67, 
7, 4, 33.89, -10.42, 41.7968, -117.0908, 5464.536422, 69, 
7, 5, 33.89, -9.15, 42.2219, -115.1091, 5455.222338, 76, 
7, 6, 33.89, -7.88, 42.5964, -113.0897, 5447.609046, 77, 
7, 7, 33.89, -6.61, 42.9186, -111.0366, 5456.810172, 83, 
7, 8, 33.89, -5.34, 43.1868, -108.9544, 5463.677596, 90, 
7, 9, 33.89, -4.07, 43.3996, -106.8481, 5472.195204, 92, 
7, 10, 33.89, -2.8, 43.5558, -104.7231, 5487.08612, 97, 
7, 11, 33.89, -1.53, 43.6547, -102.5849, 5500.563357, 102, 
7, 12, 33.89, -0.26, 43.6957, -100.4396, 5509.578224, 102, 
7, 13, 33.89, 1.01, 43.6785, -98.293, 5520.2806, 102, 
7, 14, 33.89, 2.28, 43.6033, -96.1511, 5549.200016, 109, 
7, 15, 33.89, 3.55, 43.4704, -94.02, 5567.42295, 109, 
7, 16, 33.89, 4.82, 43.2807, -91.9054, 5578.906165, 108, 
7, 17, 33.89, 6.09, 43.035, -89.8127, 5607.764044, 105, 
7, 18, 33.89, 7.36, 42.7348, -87.7472, 5631.680501, 99, 
7, 19, 33.89, 8.63, 42.3814, -85.7134, 5645.4294, 98, 
7, 20, 33.89, 9.9, 41.9768, -83.7158, 5662.530807, 95, 
7, 21, 33.89, 11.17, 41.5229, -81.758, 5677.672129, 90, 
7, 22, 33.89, 12.44, 41.0217, -79.8433, 5687.151735, 88, 
7, 23, 33.89, 13.71, 40.4756, -77.9745, 5695.355524, 86, 
7, 24, 33.89, 14.98, 39.8869, -76.1537, 5702.317771, 80, 
7, 25, 33.89, 16.25, 39.258, -74.3826, 5702.081931, 78, 
7, 26, 33.89, 17.52, 38.5914, -72.6625, 5706.218384, 74, 
8, 0, 35.16, -15.5, 38.2701, -123.7899, 5629.286894, 52, 
8, 1, 35.16, -14.23, 38.8504, -122.0342, 5578.235323, 53, 
8, 2, 35.16, -12.96, 39.3903, -120.2339, 5526.162825, 63, 
8, 3, 35.16, -11.69, 39.8877, -118.3909, 5500.549057, 67, 
8, 4, 35.16, -10.42, 40.3405, -116.5077, 5477.015558, 70, 
8, 5, 35.16, -9.15, 40.7466, -114.587, 5468.069444, 75, 
8, 6, 35.16, -7.88, 41.1042, -112.6323, 5465.113105, 78, 
8, 7, 35.16, -6.61, 41.4116, -110.6472, 5468.960434, 82, 
8, 8, 35.16, -5.34, 41.6674, -108.6359, 5481.35161, 87, 
8, 9, 35.16, -4.07, 41.8702, -106.603, 5493.510794, 90, 
8, 10, 35.16, -2.8, 42.0192, -104.5532, 5506.829345, 94, 
8, 11, 35.16, -1.53, 42.1134, -102.4917, 5519.783101, 97, 
8, 12, 35.16, -0.26, 42.1524, -100.4237, 5531.764675, 100, 
8, 13, 35.16, 1.01, 42.136, -98.3546, 5560.077591, 105, 
8, 14, 35.16, 2.28, 42.0644, -96.2898, 5572.143121, 104, 
8, 15, 35.16, 3.55, 41.9378, -94.2346, 5584.796335, 105, 
8, 16, 35.16, 4.82, 41.7569, -92.1941, 5599.426672, 107, 
8, 17, 35.16, 6.09, 41.5227, -90.1734, 5629.654954, 103, 
8, 18, 35.16, 7.36, 41.2362, -88.1771, 5656.343982, 99, 
8, 19, 35.16, 8.63, 40.8989, -86.2094, 5670.754972, 98, 
8, 20, 35.16, 9.9, 40.5125, -84.2744, 5683.629631, 96, 
8, 21, 35.16, 11.17, 40.0786, -82.3754, 5707.387791, 89, 
8, 22, 35.16, 12.44, 39.5992, -80.5157, 5716.662238, 88, 
8, 23, 35.16, 13.71, 39.0765, -78.6976, 5723.045816, 86, 
8, 24, 35.16, 14.98, 38.5124, -76.9235, 5728.465195, 82, 
8, 25, 35.16, 16.25, 37.9093, -75.1949, 5737.232052, 79, 
8, 26, 35.16, 17.52, 37.2695, -73.5132, 5738.078741, 74, 
9, 0, 36.43, -15.5, 36.9137, -123.0485, 5654.10105, 51, 
9, 1, 36.43, -14.23, 37.4701, -121.3362, 5595.043649, 54, 
9, 2, 36.43, -12.96, 37.9875, -119.5831, 5544.179738, 62, 
9, 3, 36.43, -11.69, 38.4637, -117.7909, 5511.238173, 67, 
9, 4, 36.43, -10.42, 38.8969, -115.962, 5492.53483, 69, 
9, 5, 36.43, -9.15, 39.2852, -114.0991, 5482.389637, 73, 
9, 6, 36.43, -7.88, 39.6269, -112.2053, 5481.47443, 76, 
9, 7, 36.43, -6.61, 39.9205, -110.2841, 5482.909004, 78, 
9, 8, 36.43, -5.34, 40.1646, -108.3392, 5495.343653, 84, 
9, 9, 36.43, -4.07, 40.3582, -106.3747, 5510.239993, 88, 
9, 10, 36.43, -2.8, 40.5003, -104.3951, 5528.73537, 95, 
9, 11, 36.43, -1.53, 40.5901, -102.4049, 5537.416615, 97, 
9, 12, 36.43, -0.26, 40.6273, -100.4089, 5554.207054, 100, 
9, 13, 36.43, 1.01, 40.6117, -98.4119, 5577.933482, 104, 
9, 14, 36.43, 2.28, 40.5434, -96.4188, 5590.482784, 105, 
9, 15, 36.43, 3.55, 40.4226, -94.4343, 5604.640762, 103, 
9, 16, 36.43, 4.82, 40.2501, -92.4631, 5621.694024, 103, 
9, 17, 36.43, 6.09, 40.0265, -90.5096, 5651.917975, 101, 
9, 18, 36.43, 7.36, 39.753, -88.5782, 5680.028965, 98, 
9, 19, 36.43, 8.63, 39.4308, -86.6727, 5695.787177, 96, 
9, 20, 36.43, 9.9, 39.0614, -84.7968, 5710.479562, 94, 
9, 21, 36.43, 11.17, 38.6464, -82.9537, 5734.188561, 88, 
9, 22, 36.43, 12.44, 38.1876, -81.1462, 5743.970762, 87, 
9, 23, 36.43, 13.71, 37.6868, -79.3768, 5752.362011, 85, 
9, 24, 36.43, 14.98, 37.1461, -77.6476, 5755.316603, 82, 
9, 25, 36.43, 16.25, 36.5675, -75.9602, 5759.95104, 81, 
9, 26, 36.43, 17.52, 35.9531, -74.3161, 5765.579276, 74, 
10, 0, 37.7, -15.5, 35.5659, -122.3496, 5670.303709, 48, 
10, 1, 37.7, -14.23, 36.0998, -120.6792, 5612.115934, 55, 
10, 2, 37.7, -12.96, 36.5958, -118.9713, 5561.297801, 61, 
10, 3, 37.7, -11.69, 37.052, -117.2276, 5525.563177, 66, 
10, 4, 37.7, -10.42, 37.4667, -115.4504, 5505.300694, 68, 
10, 5, 37.7, -9.15, 37.8382, -113.6422, 5495.971515, 71, 
10, 6, 37.7, -7.88, 38.165, -111.8059, 5494.93243, 74, 
10, 7, 37.7, -6.61, 38.4456, -109.9447, 5503.691315, 80, 
10, 8, 37.7, -5.34, 38.6789, -108.062, 5510.566465, 82, 
10, 9, 37.7, -4.07, 38.8638, -106.1616, 5527.18751, 88, 
10, 10, 37.7, -2.8, 38.9994, -104.2476, 5540.924401, 91, 
10, 11, 37.7, -1.53, 39.0852, -102.324, 5557.505882, 95, 
10, 12, 37.7, -0.26, 39.1207, -100.3951, 5583.316507, 101, 
10, 13, 37.7, 1.01, 39.1058, -98.4654, 5595.091529, 102, 
10, 14, 37.7, 2.28, 39.0406, -96.5391, 5610.068985, 103, 
10, 15, 37.7, 3.55, 38.9253, -94.6206, 5624.834014, 102, 
10, 16, 37.7, 4.82, 38.7605, -92.7142, 5642.520223, 101, 
10, 17, 37.7, 6.09, 38.5469, -90.8238, 5676.300997, 98, 
10, 18, 37.7, 7.36, 38.2855, -88.9533, 5696.126802, 98, 
10, 19, 37.7, 8.63, 37.9775, -87.1064, 5715.160932, 96, 
10, 20, 37.7, 9.9, 37.6241, -85.2864, 5740.174286, 91, 
10, 21, 37.7, 11.17, 37.2269, -83.4962, 5757.472715, 88, 
10, 22, 37.7, 12.44, 36.7875, -81.7385, 5769.255924, 86, 
10, 23, 37.7, 13.71, 36.3076, -80.0157, 5776.544589, 86, 
10, 24, 37.7, 14.98, 35.789, -78.3297, 5782.377407, 83, 
10, 25, 37.7, 16.25, 35.2337, -76.6823, 5788.371131, 80, 
10, 26, 37.7, 17.52, 34.6435, -75.0747, 5787.410663, 75, 
11, 0, 38.97, -15.5, 34.2279, -121.6898, 5696.846581, 49, 
11, 1, 38.97, -14.23, 34.7403, -120.0598, 5624.196315, 57, 
11, 2, 38.97, -12.96, 35.216, -118.3952, 5576.161844, 60, 
11, 3, 38.97, -11.69, 35.6533, -116.6979, 5543.341544, 65, 
11, 4, 38.97, -10.42, 36.0506, -114.9698, 5522.756056, 68, 
11, 5, 38.97, -9.15, 36.4063, -113.2135, 5511.136232, 71, 
11, 6, 38.97, -7.88, 36.719, -111.4315, 5512.176849, 75, 
11, 7, 38.97, -6.61, 36.9874, -109.6268, 5518.573782, 78, 
11, 8, 38.97, -5.34, 37.2105, -107.8026, 5531.686815, 83, 
11, 9, 38.97, -4.07, 37.3872, -105.9623, 5547.773131, 89, 
11, 10, 38.97, -2.8, 37.5168, -104.1096, 5560.719241, 90, 
11, 11, 38.97, -1.53, 37.5987, -102.2483, 5582.052606, 95, 
11, 12, 38.97, -0.26, 37.6327, -100.3823, 5599.75443, 98, 
11, 13, 38.97, 1.01, 37.6185, -98.5154, 5614.828261, 100, 
11, 14, 38.97, 2.28, 37.5561, -96.6516, 5631.28625, 100, 
11, 15, 38.97, 3.55, 37.446, -94.795, 5647.232488, 100, 
11, 16, 38.97, 4.82, 37.2885, -92.9492, 5663.678961, 98, 
11, 17, 38.97, 6.09, 37.0843, -91.118, 5693.451335, 96, 
11, 18, 38.97, 7.36, 36.8343, -89.3049, 5715.789428, 95, 
11, 19, 38.97, 8.63, 36.5396, -87.5132, 5735.92921, 95, 
11, 20, 38.97, 9.9, 36.2014, -85.746, 5758.250306, 92, 
11, 21, 38.97, 11.17, 35.8209, -84.0061, 5769.536012, 91, 
11, 22, 38.97, 12.44, 35.3998, -82.2959, 5792.836294, 86, 
11, 23, 38.97, 13.71, 34.9396, -80.6177, 5799.277345, 85, 
11, 24, 38.97, 14.98, 34.442, -78.9733, 5810.094099, 81, 
11, 25, 38.97, 16.25, 33.9088, -77.3645, 5810.141546, 79, 
11, 26, 38.97, 17.52, 33.3417, -75.7924, 5804.272434, 75, 
12, 0, 40.24, -15.5, 32.9003, -121.0661, 5732.025983, 47, 
12, 1, 40.24, -14.23, 33.3923, -119.475, 5649.088939, 55, 
12, 2, 40.24, -12.96, 33.8489, -117.8521, 5597.108298, 58, 
12, 3, 40.24, -11.69, 34.2683, -116.1989, 5558.986391, 62, 
12, 4, 40.24, -10.42, 34.6491, -114.5177, 5538.604825, 68, 
12, 5, 40.24, -9.15, 34.9898, -112.8104, 5524.708555, 68, 
12, 6, 40.24, -7.88, 35.2892, -111.0797, 5527.732992, 74, 
12, 7, 40.24, -6.61, 35.5462, -109.3284, 5533.851818, 75, 
12, 8, 40.24, -5.34, 35.7596, -107.5592, 5552.638129, 81, 
12, 9, 40.24, -4.07, 35.9286, -105.7754, 5566.34521, 85, 
12, 10, 40.24, -2.8, 36.0526, -103.9804, 5578.942773, 89, 
12, 11, 40.24, -1.53, 36.131, -102.1774, 5601.572068, 94, 
12, 12, 40.24, -0.26, 36.1634, -100.3702, 5612.928675, 95, 
12, 13, 40.24, 1.01, 36.1498, -98.5622, 5631.743337, 96, 
12, 14, 40.24, 2.28, 36.0902, -96.7571, 5647.655151, 96, 
12, 15, 40.24, 3.55, 35.9849, -94.9584, 5665.9907, 96, 
12, 16, 40.24, 4.82, 35.8342, -93.1696, 5689.679556, 96, 
12, 17, 40.24, 6.09, 35.6389, -91.3941, 5714.755637, 96, 
12, 18, 40.24, 7.36, 35.3996, -89.635, 5739.163305, 93, 
12, 19, 40.24, 8.63, 35.1175, -87.8955, 5758.019925, 92, 
12, 20, 40.24, 9.9, 34.7935, -86.1784, 5773.428673, 90, 
12, 21, 40.24, 11.17, 34.4289, -84.4862, 5788.007735, 89, 
12, 22, 40.24, 12.44, 34.0252, -82.8213, 5806.827556, 84, 
12, 23, 40.24, 13.71, 33.5836, -81.1857, 5813.89257, 82, 
12, 24, 40.24, 14.98, 33.1059, -79.5814, 5823.438617, 78, 
12, 25, 40.24, 16.25, 32.5937, -78.0098, 5824.882466, 77, 
12, 26, 40.24, 17.52, 32.0486, -76.4723, 5825.187424, 73, 
13, 0, 41.51, -15.5, 31.5839, -120.4758, 5764.432882, 47, 
13, 1, 41.51, -14.23, 32.0566, -118.9222, 5682.16857, 53, 
13, 2, 41.51, -12.96, 32.4949, -117.3391, 5626.261407, 55, 
13, 3, 41.51, -11.69, 32.8973, -115.7282, 5578.929414, 62, 
13, 4, 41.51, -10.42, 33.2625, -114.0914, 5555.100147, 65, 
13, 5, 41.51, -9.15, 33.5892, -112.4309, 5540.211861, 66, 
13, 6, 41.51, -7.88, 33.8761, -110.7488, 5540.287726, 70, 
13, 7, 41.51, -6.61, 34.1222, -109.0477, 5545.413694, 72, 
13, 8, 41.51, -5.34, 34.3265, -107.3305, 5563.889381, 78, 
13, 9, 41.51, -4.07, 34.4884, -105.5999, 5577.457435, 82, 
13, 10, 41.51, -2.8, 34.607, -103.859, 5596.558273, 87, 
13, 11, 41.51, -1.53, 34.682, -102.1109, 5616.789842, 92, 
13, 12, 41.51, -0.26, 34.713, -100.3589, 5633.893784, 92, 
13, 13, 41.51, 1.01, 34.7, -98.6062, 5649.409791, 94, 
13, 14, 41.51, 2.28, 34.643, -96.8561, 5665.484605, 93, 
13, 15, 41.51, 3.55, 34.5422, -95.1119, 5683.438803, 95, 
13, 16, 41.51, 4.82, 34.398, -93.3767, 5710.662154, 93, 
13, 17, 41.51, 6.09, 34.211, -91.6536, 5727.446649, 92, 
13, 18, 41.51, 7.36, 33.9818, -89.9456, 5757.300026, 90, 
13, 19, 41.51, 8.63, 33.7115, -88.2554, 5776.426467, 88, 
13, 20, 41.51, 9.9, 33.401, -86.5857, 5790.055711, 88, 
13, 21, 41.51, 11.17, 33.0514, -84.9389, 5802.236175, 87, 
13, 22, 41.51, 12.44, 32.6641, -83.3172, 5824.05373, 81, 
13, 23, 41.51, 13.71, 32.2403, -81.7225, 5834.752017, 80, 
13, 24, 41.51, 14.98, 31.7815, -80.1567, 5844.513258, 78, 
13, 25, 41.51, 16.25, 31.2892, -78.6211, 5846.163831, 77, 
13, 26, 41.51, 17.52, 30.765, -77.117, 5847.488871, 71, 
14, 0, 42.78, -15.5, 30.2793, -119.9164, 5801.036528, 47, 
14, 1, 42.78, -14.23, 30.7336, -118.3988, 5724.495864, 53, 
14, 2, 42.78, -12.96, 31.1546, -116.8539, 5660.940373, 55, 
14, 3, 42.78, -11.69, 31.541, -115.2834, 5607.219156, 61, 
14, 4, 42.78, -10.42, 31.8914, -113.6891, 5579.882502, 63, 
14, 5, 42.78, -9.15, 32.2047, -112.0728, 5561.874843, 65, 
14, 6, 42.78, -7.88, 32.4798, -110.4368, 5560.107671, 69, 
14, 7, 42.78, -6.61, 32.7157, -108.7834, 5564.885297, 71, 
14, 8, 42.78, -5.34, 32.9115, -107.1151, 5582.821738, 77, 
14, 9, 42.78, -4.07, 33.0665, -105.4346, 5596.534554, 81, 
14, 10, 42.78, -2.8, 33.1801, -103.7447, 5618.231679, 83, 
14, 11, 42.78, -1.53, 33.2519, -102.0483, 5635.411527, 88, 
14, 12, 42.78, -0.26, 33.2816, -100.3482, 5648.848133, 90, 
14, 13, 42.78, 1.01, 33.2692, -98.6475, 5664.949774, 90, 
14, 14, 42.78, 2.28, 33.2146, -96.9493, 5682.155868, 92, 
14, 15, 42.78, 3.55, 33.118, -95.2563, 5703.380263, 89, 
14, 16, 42.78, 4.82, 32.9799, -93.5716, 5723.739053, 88, 
14, 17, 42.78, 6.09, 32.8007, -91.898, 5743.820591, 90, 
14, 18, 42.78, 7.36, 32.5812, -90.2382, 5779.353549, 88, 
14, 19, 42.78, 8.63, 32.322, -88.5948, 5794.457199, 87, 
14, 20, 42.78, 9.9, 32.0242, -86.9702, 5811.562293, 87, 
14, 21, 42.78, 11.17, 31.6889, -85.3666, 5824.569043, 85, 
14, 22, 42.78, 12.44, 31.3171, -83.7861, 5846.767625, 80, 
14, 23, 42.78, 13.71, 30.9101, -82.2305, 5856.867696, 79, 
14, 24, 42.78, 14.98, 30.4693, -80.7016, 5862.25706, 78, 
14, 25, 42.78, 16.25, 29.996, -79.2007, 5865.322321, 70, 
14, 26, 42.78, 17.52, 29.4918, -77.7291, 5864.38445, 68, 
15, 0, 44.05, -15.5, 28.9872, -119.3856, 5845.675658, 43, 
15, 1, 44.05, -14.23, 29.424, -117.9026, 5757.177603, 50, 
15, 2, 44.05, -12.96, 29.8285, -116.3945, 5698.426088, 53, 
15, 3, 44.05, -11.69, 30.1996, -114.8626, 5641.373697, 58, 
15, 4, 44.05, -10.42, 30.536, -113.3086, 5603.908603, 61, 
15, 5, 44.05, -9.15, 30.8367, -111.7345, 5583.528905, 63, 
15, 6, 44.05, -7.88, 31.1006, -110.1422, 5581.824829, 66, 
15, 7, 44.05, -6.61, 31.3268, -108.5339, 5585.557448, 69, 
15, 8, 44.05, -5.34, 31.5145, -106.912, 5609.04944, 73, 
15, 9, 44.05, -4.07, 31.6631, -105.2789, 5619.334374, 78, 
15, 10, 44.05, -2.8, 31.772, -103.6371, 5639.981828, 84, 
15, 11, 44.05, -1.53, 31.8408, -101.9893, 5652.013894, 86, 
15, 12, 44.05, -0.26, 31.8693, -100.3382, 5666.711754, 86, 
15, 13, 44.05, 1.01, 31.8573, -98.6865, 5683.452073, 88, 
15, 14, 44.05, 2.28, 31.805, -97.0371, 5700.331574, 88, 
15, 15, 44.05, 3.55, 31.7125, -95.3925, 5722.553254, 89, 
15, 16, 44.05, 4.82, 31.5801, -93.7555, 5743.073559, 88, 
15, 17, 44.05, 6.09, 31.4083, -92.1286, 5764.063639, 86, 
15, 18, 44.05, 7.36, 31.1978, -90.5145, 5798.645232, 86, 
15, 19, 44.05, 8.63, 30.9493, -88.9154, 5811.435683, 85, 
15, 20, 44.05, 9.9, 30.6635, -87.3335, 5828.294249, 83, 
15, 21, 44.05, 11.17, 30.3416, -85.7711, 5840.508854, 81, 
15, 22, 44.05, 12.44, 29.9846, -84.23, 5859.349692, 78, 
15, 23, 44.05, 13.71, 29.5936, -82.7119, 5873.622085, 77, 
15, 24, 44.05, 14.98, 29.1698, -81.2185, 5879.412759, 76, 
15, 25, 44.05, 16.25, 28.7147, -79.751, 5882.240913, 69, 
15, 26, 44.05, 17.52, 28.2295, -78.3108, 5883.427647, 66, 
16, 0, 45.32, -15.5, 27.708, -118.8813, 5876.397966, 42, 
16, 1, 45.32, -14.23, 28.1281, -117.4317, 5794.565393, 49, 
16, 2, 45.32, -12.96, 28.517, -115.9588, 5733.808213, 51, 
16, 3, 45.32, -11.69, 28.8736, -114.4638, 5677.506978, 55, 
16, 4, 45.32, -10.42, 29.1967, -112.9484, 5633.440056, 58, 
16, 5, 45.32, -9.15, 29.4854, -111.4144, 5613.541281, 59, 
16, 6, 45.32, -7.88, 29.7387, -109.8637, 5605.599301, 63, 
16, 7, 45.32, -6.61, 29.9557, -108.2982, 5611.414613, 66, 
16, 8, 45.32, -5.34, 30.1358, -106.7201, 5628.519803, 69, 
16, 9, 45.32, -4.07, 30.2783, -105.1317, 5639.824476, 76, 
16, 10, 45.32, -2.8, 30.3827, -103.5354, 5662.342706, 79, 
16, 11, 45.32, -1.53, 30.4487, -101.9336, 5674.424618, 83, 
16, 12, 45.32, -0.26, 30.476, -100.3287, 5685.852446, 84, 
16, 13, 45.32, 1.01, 30.4645, -98.7233, 5701.262016, 84, 
16, 14, 45.32, 2.28, 30.4144, -97.1199, 5721.592567, 85, 
16, 15, 45.32, 3.55, 30.3257, -95.5211, 5744.862476, 85, 
16, 16, 45.32, 4.82, 30.1987, -93.9291, 5763.378674, 86, 
16, 17, 45.32, 6.09, 30.034, -92.3466, 5787.326225, 83, 
16, 18, 45.32, 7.36, 29.832, -90.7757, 5810.752954, 82, 
16, 19, 45.32, 8.63, 29.5934, -89.2186, 5834.26383, 80, 
16, 20, 45.32, 9.9, 29.3191, -87.6775, 5849.291756, 82, 
16, 21, 45.32, 11.17, 29.01, -86.1543, 5854.520769, 81, 
16, 22, 45.32, 12.44, 28.667, -84.6508, 5869.236845, 79, 
16, 23, 45.32, 13.71, 28.2911, -83.1686, 5883.229893, 76, 
16, 24, 45.32, 14.98, 27.8837, -81.7093, 5890.724234, 71, 
16, 25, 45.32, 16.25, 27.4458, -80.2741, 5893.93471, 65, 
16, 26, 45.32, 17.52, 26.9787, -78.8643, 5895.69068, 65, 
17, 0, 46.59, -15.5, 26.4421, -118.4017, 5937.532267, 39, 
17, 1, 46.59, -14.23, 26.8463, -116.9843, 5846.44056, 45, 
17, 2, 46.59, -12.96, 27.2203, -115.545, 5773.21739, 51, 
17, 3, 46.59, -11.69, 27.5631, -114.0854, 5719.766247, 54, 
17, 4, 46.59, -10.42, 27.8737, -112.6069, 5675.424039, 56, 
17, 5, 46.59, -9.15, 28.151, -111.1111, 5643.49741, 59, 
17, 6, 46.59, -7.88, 28.3942, -109.5999, 5634.904648, 60, 
17, 7, 46.59, -6.61, 28.6026, -108.075, 5636.711494, 64, 
17, 8, 46.59, -5.34, 28.7754, -106.5385, 5655.523016, 66, 
17, 9, 46.59, -4.07, 28.9121, -104.9926, 5664.945548, 70, 
17, 10, 46.59, -2.8, 29.0123, -103.4393, 5682.1905, 77, 
17, 11, 46.59, -1.53, 29.0756, -101.8809, 5693.340051, 80, 
17, 12, 46.59, -0.26, 29.1018, -100.3197, 5708.640717, 82, 
17, 13, 46.59, 1.01, 29.0908, -98.7581, 5724.270537, 81, 
17, 14, 46.59, 2.28, 29.0427, -97.1983, 5744.885978, 80, 
17, 15, 46.59, 3.55, 28.9576, -95.6427, 5761.915317, 82, 
17, 16, 46.59, 4.82, 28.8358, -94.0934, 5777.137581, 83, 
17, 17, 46.59, 6.09, 28.6777, -92.5528, 5804.605473, 80, 
17, 18, 46.59, 7.36, 28.4838, -91.023, 5830.467327, 80, 
17, 19, 46.59, 8.63, 28.2547, -89.5059, 5845.289623, 79, 
17, 20, 46.59, 9.9, 27.9913, -88.0035, 5855.463592, 79, 
17, 21, 46.59, 11.17, 27.6942, -86.5178, 5866.336251, 76, 
17, 22, 46.59, 12.44, 27.3645, -85.0502, 5882.036974, 75, 
17, 23, 46.59, 13.71, 27.0031, -83.6025, 5899.062417, 71, 
17, 24, 46.59, 14.98, 26.6112, -82.1759, 5902.338641, 66, 
17, 25, 46.59, 16.25, 26.1897, -80.7719, 5906.149838, 64, 
17, 26, 46.59, 17.52, 25.74, -79.3914, 5907.355612, 63, 
18, 0, 47.86, -15.5, 25.1899, -117.9451, 5986.095493, 37, 
18, 1, 47.86, -14.23, 25.579, -116.5586, 5891.597898, 43, 
18, 2, 47.86, -12.96, 25.9388, -115.1517, 5812.929477, 47, 
18, 3, 47.86, -11.69, 26.2685, -113.726, 5765.841609, 51, 
18, 4, 47.86, -10.42, 26.5671, -112.2827, 5726.21624, 53, 
18, 5, 47.86, -9.15, 26.8336, -110.8234, 5683.323949, 56, 
18, 6, 47.86, -7.88, 27.0673, -109.3497, 5667.428313, 59, 
18, 7, 47.86, -6.61, 27.2674, -107.8634, 5673.011759, 61, 
18, 8, 47.86, -5.34, 27.4334, -106.3665, 5680.465316, 64, 
18, 9, 47.86, -4.07, 27.5647, -104.8607, 5690.460554, 67, 
18, 10, 47.86, -2.8, 27.6608, -103.3482, 5709.331409, 73, 
18, 11, 47.86, -1.53, 27.7216, -101.831, 5717.446468, 76, 
18, 12, 47.86, -0.26, 27.7468, -100.3113, 5733.53654, 77, 
18, 13, 47.86, 1.01, 27.7362, -98.7911, 5745.812857, 79, 
18, 14, 47.86, 2.28, 27.69, -97.2726, 5764.061627, 78, 
18, 15, 47.86, 3.55, 27.6083, -95.7579, 5778.290775, 78, 
18, 16, 47.86, 4.82, 27.4914, -94.2491, 5796.950536, 77, 
18, 17, 47.86, 6.09, 27.3395, -92.7483, 5820.435172, 76, 
18, 18, 47.86, 7.36, 27.1533, -91.2574, 5840.600041, 75, 
18, 19, 47.86, 8.63, 26.9333, -89.7784, 5856.163921, 75, 
18, 20, 47.86, 9.9, 26.6801, -88.313, 5870.596938, 77, 
18, 21, 47.86, 11.17, 26.3946, -86.863, 5884.468123, 74, 
18, 22, 47.86, 12.44, 26.0775, -85.4298, 5899.667123, 70, 
18, 23, 47.86, 13.71, 25.7299, -84.0151, 5907.567106, 68, 
18, 24, 47.86, 14.98, 25.3527, -82.6201, 5913.532302, 63, 
18, 25, 47.86, 16.25, 24.9469, -81.246, 5916.857322, 62, 
18, 26, 47.86, 17.52, 24.5137, -79.894, 5920.70329, 62, 
19, 0, 49.13, -15.5, 23.9518, -117.5099, 5986.103111, 33, 
19, 1, 49.13, -14.23, 24.3264, -116.1531, 5938.746764, 38, 
19, 2, 49.13, -12.96, 24.6728, -114.7774, 5875.110312, 41, 
19, 3, 49.13, -11.69, 24.99, -113.3841, 5807.36388, 47, 
19, 4, 49.13, -10.42, 25.2771, -111.9744, 5763.304015, 50, 
19, 5, 49.13, -9.15, 25.5333, -110.5499, 5738.294667, 53, 
19, 6, 49.13, -7.88, 25.758, -109.1121, 5696.807543, 57, 
19, 7, 49.13, -6.61, 25.9503, -107.6626, 5706.036071, 61, 
19, 8, 49.13, -5.34, 26.1098, -106.2032, 5707.14094, 60, 
19, 9, 49.13, -4.07, 26.2359, -104.7357, 5722.848158, 64, 
19, 10, 49.13, -2.8, 26.3283, -103.2619, 5741.944459, 67, 
19, 11, 49.13, -1.53, 26.3866, -101.7837, 5746.913646, 71, 
19, 12, 49.13, -0.26, 26.4108, -100.3032, 5755.706355, 75, 
19, 13, 49.13, 1.01, 26.4006, -98.8223, 5772.082198, 76, 
19, 14, 49.13, 2.28, 26.3563, -97.343, 5786.070843, 76, 
19, 15, 49.13, 3.55, 26.2778, -95.8671, 5800.476318, 74, 
19, 16, 49.13, 4.82, 26.1655, -94.3968, 5807.532283, 74, 
19, 17, 49.13, 6.09, 26.0196, -92.9338, 5834.937977, 74, 
19, 18, 49.13, 7.36, 25.8406, -91.4801, 5855.378863, 72, 
19, 19, 49.13, 8.63, 25.6292, -90.0373, 5868.338278, 71, 
19, 20, 49.13, 9.9, 25.3858, -88.6071, 5880.215524, 71, 
19, 21, 49.13, 11.17, 25.1112, -87.1912, 5906.445052, 67, 
19, 22, 49.13, 12.44, 24.8062, -85.791, 5912.788436, 67, 
19, 23, 49.13, 13.71, 24.4717, -84.4079, 5912.582394, 63, 
19, 24, 49.13, 14.98, 24.1085, -83.0433, 5924.533862, 61, 
19, 25, 49.13, 16.25, 23.7177, -81.6981, 5928.935106, 60, 
19, 26, 49.13, 17.52, 23.3003, -80.3735, 5921.027769, 58, 
20, 0, 50.4, -15.5, 22.728, -117.0947, 6033.71421, 32, 
20, 1, 50.4, -14.23, 23.0888, -115.7666, 5987.307506, 33, 
20, 2, 50.4, -12.96, 23.4223, -114.4208, 5911.691192, 36, 
20, 3, 50.4, -11.69, 23.7276, -113.0585, 5855.618283, 43, 
20, 4, 50.4, -10.42, 24.0038, -111.6811, 5817.735644, 46, 
20, 5, 50.4, -9.15, 24.2503, -110.2898, 5777.978827, 47, 
20, 6, 50.4, -7.88, 24.4663, -108.8862, 5756.981188, 48, 
20, 7, 50.4, -6.61, 24.6513, -107.4717, 5727.921227, 54, 
20, 8, 50.4, -5.34, 24.8045, -106.0481, 5739.603329, 57, 
20, 9, 50.4, -4.07, 24.9258, -104.6168, 5765.798221, 59, 
20, 10, 50.4, -2.8, 25.0145, -103.1798, 5772.466172, 63, 
20, 11, 50.4, -1.53, 25.0706, -101.7388, 5773.21783, 67, 
20, 12, 50.4, -0.26, 25.0938, -100.2956, 5784.238404, 67, 
20, 13, 50.4, 1.01, 25.0841, -98.852, 5794.744413, 70, 
20, 14, 50.4, 2.28, 25.0415, -97.4098, 5807.85715, 70, 
20, 15, 50.4, 3.55, 24.966, -95.9709, 5804.478761, 72, 
20, 16, 50.4, 4.82, 24.8581, -94.5371, 5822.982266, 72, 
20, 17, 50.4, 6.09, 24.7179, -93.1102, 5857.045546, 68, 
20, 18, 50.4, 7.36, 24.5458, -91.6917, 5869.748553, 67, 
20, 19, 50.4, 8.63, 24.3425, -90.2835, 5880.56097, 68, 
20, 20, 50.4, 9.9, 24.1084, -88.887, 5893.157859, 65, 
20, 21, 50.4, 11.17, 23.8442, -87.5037, 5911.279913, 63, 
20, 22, 50.4, 12.44, 23.5507, -86.1351, 5921.646483, 63, 
20, 23, 50.4, 13.71, 23.2287, -84.7824, 5924.846138, 60, 
20, 24, 50.4, 14.98, 22.879, -83.4469, 5934.667992, 59, 
20, 25, 50.4, 16.25, 22.5025, -82.1296, 5936.889523, 57, 
20, 26, 50.4, 17.52, 22.1002, -80.8316, 5922.709979, 53, 
